 1 16  2 2833 0.0300922  782
 1 17  1 2933 0.0209232  512
 1 17  2 3047 0.0635632  803
 2 14  2 2163 0.0491144  457
 2 15  2 2382 0.0520297  319
 2 16  2 2621 0.0499381  521
 2 17  1 2707 0.0208014  547
 2 18  1 2838 0.0222975  815
 2 25  2 4334 0.0378503  752
 2 28  2 4890 0.0331510  281
 3 14  2 2787 0.0328822  323
 3 18  2 3560 0.0378831  314
 3 19  2 3782 0.0421185  349
 3 23  1 4581 0.0289648  829
 4  2  2  293 0.0290842  267
 4  4  2  684 0.0230279  349
 4 10  2 1951 0.0286543  307
 4 12  1 2217 0.0418210  908
 4 14  2 2709 0.0263243  413
 4 18  2 3632 0.0239285  965
 4 19  1 3719 0.0279041  870
 4 22  2 4401 0.0251860  241
 4 23  2 4653 0.0249556  348
 4 26  2 5272 0.0327944  997
 6  2  2  372 0.0391507  975
 6  3  1  499 0.0349086  937
 6  6  2 1366 0.0461371  319
 6 20  1 4756 0.0234949  722
 6 25  2 5998 0.0348129  792
 7  2  2  367 0.0254171  768
 7 10  1 2068 0.0206838  744
 7 10  2 2314 0.0202651  628
 7 25  2 5943 0.0243262  317
 9  4  2  762 0.0235740  740
11 26  2 5335 0.0419363  261
12  3  2  568 0.0486107  345
12 16  2 3557 0.0304043  789
12 20  2 4472 0.0451054  283
12 21  2 4722 0.0236362  298
12 23  1 5082 0.0323775  797
