   1013.     11.     22.     81.     18.      0.      0.
   1012.     20.     22.     79.     18.    360.      1.
   1000.    122.     22.     75.     17.     74.      1.
    925.    797.     20.     75.     15.    296.      1.
    917.    876.     20.     71.     14.    360.      1.
    882.   1210.     18.     74.     13.    120.      6.
    850.   1523.     16.     84.     13.    111.      7.
    842.   1600.     16.     82.     13.    108.      8.
    840.   1627.     16.     82.     13.    109.      8.
    829.   1733.     16.     68.     10.    125.      6.
    827.   1754.     17.     49.      6.    128.      6.
    824.   1789.     18.     16.     -8.    126.      5.
    822.   1813.     18.     17.     -8.    121.      5.
    755.   2537.     16.     25.     -4.    208.      1.
    748.   2612.     15.     26.     -4.    223.      1.
    711.   3038.     12.     52.      2.    277.      2.
    700.   3169.     11.     47.      0.    275.      3.
    645.   3842.      6.     43.     -6.    228.      4.
    637.   3950.      6.     36.     -8.    238.      4.
    630.   4034.      5.     40.     -7.    247.      5.
    626.   4091.      4.     51.     -5.    245.      6.
    606.   4352.      3.     13.    -22.    232.      9.
    604.   4380.      3.     15.    -21.    231.      9.
    592.   4548.      2.     15.    -22.    251.      9.
    549.   5147.     -3.     36.    -16.    252.      2.
    521.   5553.     -4.     17.    -26.    250.      3.
    516.   5640.     -5.     38.    -17.    249.      3.
    503.   5828.     -7.     25.    -23.    245.      3.
    500.   5880.     -7.     40.    -18.    248.      4.
    484.   6133.     -9.     56.    -17.    249.      4.
    483.   6142.     -9.     54.    -17.    249.      5.
    456.   6591.    -11.     18.    -31.    262.      5.
    443.   6807.    -12.     29.    -27.    269.      8.
    439.   6882.    -13.     22.    -30.    273.      9.
    438.   6908.    -13.     20.    -31.    275.      8.
    436.   6943.    -12.      3.    -48.    275.      7.
    435.   6961.    -12.      4.    -47.    274.      7.
    400.   7589.    -16.     17.    -36.    267.      6.
    392.   7739.    -18.     19.    -36.    264.      7.
    385.   7884.    -19.     19.    -38.    274.      7.
    366.   8243.    -21.     10.    -45.    292.      8.
    335.   8890.    -26.      5.    -54.    288.      2.
    316.   9320.    -29.      3.    -61.    289.      0.
    314.   9361.    -28.      1.    -69.    290.      1.
    300.   9687.    -31.      1.    -71.    291.      1.
    250.  10955.    -41.      2.    -73.    288.      9.
    238.  11302.    -44.      6.    -68.    283.      7.
    222.  11763.    -48.     11.    -66.    286.      9.
    200.  12431.    -53.      4.    -77.    291.      1.
    177.  13204.    -59.     10.    -76.    299.      4.
    170.  13457.    -60.      8.    -79.    302.      2.
    159.  13878.    -62.      5.    -83.    241.      5.
    156.  14013.    -62.      3.    -86.    241.      3.
    155.  14044.    -63.      3.    -87.    244.      3.
    150.  14234.    -64.      2.    -90.    242.      5.
    148.  14337.    -65.      2.    -90.    241.      5.
    128.  15208.    -72.      5.    -91.    282.      7.
    124.  15366.    -73.      6.    -90.    292.      8.
    121.  15513.    -74.      6.    -91.    293.      7.
    116.  15761.    -73.      7.    -91.    265.      4.
    100.  16618.    -78.      8.    -93.    266.      2.
     96.  16834.    -79.      9.    -94.    260.      3.
     92.  17108.    -81.     10.    -94.    272.      5.
     91.  17137.    -81.     10.    -94.    275.      5.
     91.  17174.    -80.     11.    -94.    282.      5.
     87.  17400.    -78.     11.    -91.    327.      2.
     87.  17410.    -78.     11.    -91.    328.      2.
     84.  17593.    -78.     11.    -92.    336.      7.
     84.  17634.    -78.     11.    -92.    340.      5.
     82.  17728.    -78.     10.    -92.    329.      2.
     78.  18052.    -78.     10.    -92.    247.      5.
     77.  18115.    -78.     10.    -93.    250.      5.
     72.  18523.    -78.      9.    -93.      0.      0.
     70.  18652.    -77.      8.    -92.     92.      1.
     65.  19118.    -74.      5.    -92.    179.      6.
     64.  19171.    -74.      5.    -93.    187.      5.
     59.  19617.    -70.      2.    -96.      0.      0.
     56.  19971.    -65.      1.    -95.    115.      5.
     55.  20087.    -65.      1.    -95.    138.      8.
     54.  20207.    -66.      1.    -95.    152.      6.
     54.  20239.    -66.      1.    -95.    155.      5.
     50.  20644.    -64.      1.    -94.    124.      1.
     50.  20655.    -64.      1.    -94.    113.      1.
     44.  21491.    -63.      1.    -93.     38.      4.
     43.  21539.    -61.      1.    -91.     51.      5.
     43.  21575.    -60.      1.    -91.     62.      6.
     42.  21700.    -60.      1.    -91.     92.      8.
     42.  21780.    -60.      1.    -91.     98.      8.
     41.  21961.    -58.      1.    -90.     94.      5.
     39.  22229.    -60.      1.    -91.      0.      0.
     36.  22636.    -61.      1.    -91.     45.      4.
     32.  23500.    -58.      1.    -90.     32.      5.
     31.  23615.    -57.      1.    -89.     50.      5.
     30.  23838.    -57.      1.    -89.     72.      4.
     29.  23997.    -57.      1.    -89.     56.      2.
     29.  24121.    -56.      1.    -88.     38.      5.
     27.  24507.    -53.      1.    -86.     69.      7.
     26.  24851.    -53.      1.    -86.     49.      2.
     24.  25316.    -52.      1.    -85.    120.      1.
