   1016.     11.     21.     60.     13.     73.      3.
   1015.     20.     21.     63.     14.     60.      2.
   1000.    146.     20.     66.     13.     80.      6.
    968.    429.     18.     73.     13.     86.      6.
    964.    465.     18.     74.     13.     89.      5.
    939.    683.     17.     81.     13.     85.      3.
    925.    814.     16.     78.     13.    360.      1.
    904.   1007.     17.     77.     13.    270.      5.
    880.   1243.     16.     54.      7.    285.      6.
    872.   1317.     16.     23.     -5.    290.      6.
    871.   1327.     16.     22.     -5.    290.      6.
    853.   1503.     16.     22.     -6.    273.      8.
    850.   1534.     15.     27.     -4.    273.      8.
    816.   1873.     13.     49.      2.    299.      8.
    807.   1966.     12.     54.      3.    293.      8.
    792.   2132.     12.     62.      4.    248.      7.
    757.   2510.      9.     75.      5.    299.      9.
    740.   2689.      8.     86.      6.    300.      9.
    720.   2921.      7.     75.      3.    289.      9.
    715.   2974.      7.     73.      2.    296.      9.
    705.   3095.      7.     61.      0.    305.      0.
    700.   3150.      7.     61.      0.    305.      1.
    676.   3443.      7.     65.      1.    321.      5.
    672.   3487.      7.     64.      1.    320.      4.
    603.   4374.      2.     68.     -4.    284.      2.
    594.   4496.      2.     26.    -15.    279.      2.
    578.   4705.      1.      8.    -30.    263.      3.
    577.   4727.      1.      7.    -31.    263.      4.
    558.   4994.     -1.     28.    -17.    269.      4.
    547.   5157.      0.     16.    -23.    279.      5.
    544.   5198.      0.     24.    -18.    280.      5.
    535.   5336.     -1.     43.    -12.    276.      8.
    500.   5866.     -4.     37.    -17.    270.      0.
    483.   6146.     -6.     52.    -15.    265.      1.
    475.   6270.     -7.     42.    -18.    261.      2.
    472.   6320.     -7.     48.    -16.    260.      2.
    434.   6958.    -13.     55.    -20.    241.      9.
    422.   7183.    -15.     53.    -22.    246.      1.
    404.   7507.    -18.     90.    -19.    251.      0.
    400.   7580.    -19.     87.    -20.    255.      0.
    391.   7743.    -19.     61.    -25.    263.      1.
    388.   7808.    -20.     71.    -24.    262.      2.
    376.   8048.    -18.     23.    -34.    262.      4.
    370.   8169.    -17.     12.    -40.    262.      6.
    349.   8600.    -21.     12.    -43.    260.      6.
    326.   9107.    -23.      3.    -58.    259.      6.
    319.   9252.    -25.      4.    -55.    258.      6.
    303.   9626.    -28.      6.    -55.    252.      4.
    300.   9699.    -28.      5.    -57.    254.      5.
    250.  10977.    -39.      7.    -63.    260.      5.
    236.  11357.    -43.     10.    -63.    262.      5.
    232.  11485.    -43.      7.    -65.    260.      4.
    222.  11769.    -45.      4.    -71.    273.      5.
    217.  11929.    -46.      4.    -71.    268.      4.
    200.  12469.    -51.      5.    -74.    261.      3.
    187.  12921.    -55.      6.    -76.    263.      4.
    159.  13931.    -61.      4.    -83.    241.      4.
    152.  14219.    -63.      4.    -86.    253.      6.
    150.  14286.    -63.      4.    -86.    252.      6.
    143.  14572.    -66.      5.    -86.    247.      7.
    127.  15279.    -72.     11.    -86.    254.      6.
    121.  15550.    -74.     11.    -88.    256.      5.
    115.  15865.    -75.     10.    -90.    245.      9.
    106.  16337.    -79.     10.    -93.    237.      3.
    103.  16491.    -80.     10.    -93.    222.      4.
    100.  16658.    -79.     10.    -93.    217.      8.
    100.  16664.    -79.     10.    -93.    217.      7.
     90.  17240.    -83.     12.    -95.    226.      9.
     89.  17319.    -83.     12.    -95.    221.      9.
     83.  17728.    -82.     15.    -93.    197.     10.
     81.  17871.    -79.     16.    -91.    192.      0.
     78.  18051.    -76.     17.    -87.    202.      3.
     76.  18202.    -76.     16.    -88.    199.     10.
     75.  18332.    -76.     16.    -88.    204.      6.
     72.  18561.    -76.     14.    -88.    198.      0.
     70.  18689.    -75.     14.    -88.    212.      1.
     69.  18779.    -75.     14.    -88.    215.      2.
     66.  19051.    -74.     12.    -88.    224.      9.
     65.  19124.    -74.     12.    -88.    234.      9.
     62.  19368.    -72.     10.    -87.    275.      6.
     60.  19570.    -69.      8.    -86.    211.      5.
     58.  19791.    -67.      5.    -87.    191.      8.
     57.  19948.    -66.      4.    -87.    216.      6.
     56.  19980.    -65.      4.    -87.    227.      5.
     56.  20014.    -65.      4.    -87.    240.      4.
     51.  20564.    -63.      1.    -91.     37.      2.
     51.  20595.    -63.      1.    -91.     37.      2.
     50.  20703.    -64.      1.    -92.     37.      2.
     47.  21070.    -61.      1.    -92.     82.      5.
     46.  21264.    -61.      1.    -91.     87.      8.
     45.  21426.    -62.      1.    -92.    102.      6.
     43.  21645.    -61.      1.    -92.     57.      6.
     41.  21877.    -62.      1.    -92.     53.     10.
     39.  22223.    -63.      1.    -93.     64.      7.
     39.  22281.    -63.      1.    -93.     70.      6.
     38.  22484.    -62.      1.    -92.     97.      6.
     36.  22751.    -61.      1.    -92.     80.      6.
     34.  23123.    -61.      1.    -91.    120.      5.
     30.  23877.    -56.      1.    -88.    261.      3.
