   1018.     11.     19.     82.     16.      0.      0.
   1016.     28.     19.     82.     16.    117.      1.
   1000.    164.     18.     80.     15.     61.      2.
    970.    423.     18.     81.     15.     75.      5.
    956.    546.     17.     82.     14.     72.      4.
    925.    832.     16.     67.     10.    319.      2.
    899.   1076.     15.     46.      4.    337.      4.
    898.   1084.     15.     48.      4.    332.      4.
    893.   1134.     15.     63.      8.    320.      5.
    879.   1268.     14.     81.     11.    336.      6.
    867.   1385.     13.     88.     11.    308.      6.
    864.   1410.     13.     89.     11.    306.      7.
    850.   1547.     13.     86.     10.    294.      6.
    832.   1723.     11.     85.      9.    270.      7.
    819.   1856.     11.     96.     10.    282.      7.
    816.   1886.     11.     96.     10.    278.      7.
    810.   1954.     12.     88.     10.    269.      7.
    808.   1971.     12.     85.     10.    270.      8.
    772.   2350.     11.     71.      6.    294.      8.
    752.   2569.      9.     75.      5.    322.      8.
    726.   2869.      7.     64.      1.    317.      1.
    712.   3020.      6.     67.      0.    323.      2.
    700.   3162.      5.     71.      0.    308.      3.
    695.   3222.      5.     73.      0.    303.      5.
    679.   3408.      4.     84.      1.    299.      7.
    670.   3514.      4.     76.      0.    299.      8.
    664.   3590.      4.     67.     -2.    300.      7.
    655.   3707.      4.     47.     -6.    296.      3.
    654.   3718.      4.     46.     -6.    295.      3.
    630.   4017.      6.      8.    -26.    299.      0.
    619.   4163.      5.      7.    -29.    304.      9.
    582.   4662.      2.      9.    -28.    273.      3.
    575.   4768.      2.      5.    -33.    273.      4.
    553.   5074.      0.      9.    -29.    281.      4.
    536.   5318.     -2.     12.    -27.    269.      7.
    518.   5601.     -3.     51.    -12.    261.      0.
    516.   5633.     -4.     53.    -12.    260.      0.
    500.   5872.     -6.     51.    -14.    267.      1.
    500.   5879.     -6.     51.    -14.    267.      1.
    483.   6140.     -8.     39.    -19.    265.      9.
    416.   7281.    -18.     72.    -22.    255.      9.
    407.   7446.    -19.     57.    -26.    253.      6.
    400.   7574.    -20.     50.    -28.    259.      0.
    396.   7659.    -20.     40.    -30.    263.      1.
    389.   7780.    -19.     16.    -39.    265.      4.
    386.   7847.    -19.     11.    -42.    267.      5.
    370.   8145.    -21.      2.    -60.    274.      7.
    361.   8329.    -22.      2.    -59.    270.      8.
    355.   8450.    -21.      2.    -58.    268.     10.
    314.   9353.    -27.      6.    -54.    275.      1.
    300.   9680.    -29.      4.    -59.    274.      9.
    294.   9833.    -30.     12.    -51.    276.      8.
    250.  10955.    -40.     25.    -53.    268.      6.
    246.  11056.    -41.     26.    -53.    266.      6.
    237.  11333.    -41.      3.    -70.    271.      4.
    220.  11815.    -45.      3.    -74.    265.      1.
    200.  12451.    -50.      8.    -70.    262.      2.
    187.  12885.    -54.     11.    -71.    264.      3.
    175.  13297.    -56.      4.    -80.    270.      4.
    167.  13612.    -57.      3.    -83.    255.      5.
    155.  14081.    -61.      3.    -85.    236.      8.
    150.  14277.    -62.      3.    -86.    242.      9.
    116.  15811.    -76.      9.    -91.    228.      4.
    100.  16656.    -82.     13.    -94.    217.      7.
     98.  16776.    -83.     14.    -95.    219.      6.
     91.  17156.    -81.     14.    -93.    254.      6.
     89.  17310.    -82.     15.    -93.    248.      4.
     88.  17354.    -82.     15.    -93.    241.      4.
     86.  17530.    -80.     14.    -92.    205.      5.
     84.  17658.    -81.     14.    -92.    212.      6.
     84.  17667.    -81.     14.    -92.    213.      6.
     83.  17708.    -79.     14.    -92.    219.      5.
     81.  17856.    -76.     14.    -88.    273.      9.
     80.  17890.    -75.     14.    -88.    279.     10.
     77.  18111.    -77.     13.    -90.    282.      7.
     77.  18131.    -77.     13.    -90.    280.      7.
     76.  18222.    -77.     12.    -90.    232.      3.
     74.  18368.    -75.     12.    -89.    206.      5.
     73.  18473.    -74.     11.    -88.    238.      5.
     70.  18686.    -73.      9.    -88.    306.      3.
     67.  18984.    -72.      7.    -89.    313.      4.
     66.  19077.    -72.      6.    -90.     20.      1.
     64.  19188.    -72.      6.    -90.    110.      5.
     63.  19318.    -72.      5.    -91.    122.      8.
     62.  19403.    -73.      5.    -92.    128.      8.
     61.  19487.    -72.      5.    -92.    136.      6.
     60.  19598.    -70.      4.    -90.    162.      1.
     60.  19619.    -70.      4.    -90.      0.      0.
     58.  19851.    -69.      3.    -91.    309.      5.
     55.  20073.    -68.      3.    -91.    331.      6.
     53.  20289.    -67.      2.    -92.     83.      5.
     53.  20374.    -66.      2.    -92.    106.      8.
     53.  20386.    -66.      2.    -92.    108.      8.
     52.  20487.    -67.      2.    -92.    117.      9.
     50.  20690.    -67.      2.    -93.    135.      6.
     49.  20774.    -67.      2.    -93.    137.      6.
     48.  20921.    -66.      2.    -93.    142.      8.
     46.  21233.    -66.      1.    -94.    184.      7.
     43.  21586.    -65.      1.    -93.      0.      0.
