   1019.     11.     22.     65.     15.     61.      2.
   1017.     28.     22.     67.     15.     85.      2.
   1007.    111.     21.     69.     15.    100.      5.
   1000.    172.     20.     71.     15.     99.      6.
    925.    840.     15.     89.     13.     75.      2.
    921.    877.     14.     90.     13.     75.      3.
    906.   1015.     13.     96.     12.     74.      2.
    850.   1551.     11.     99.     11.     51.      8.
    844.   1612.     11.     99.     10.     51.      7.
    830.   1755.     10.     96.     10.     65.      5.
    784.   2228.      9.     99.      9.     26.      1.
    772.   2346.      8.     99.      8.    293.      4.
    755.   2535.      8.     94.      7.    263.      5.
    754.   2546.      8.     92.      7.    261.      5.
    736.   2752.      7.     89.      5.    268.      6.
    726.   2857.      6.     87.      4.    288.      6.
    718.   2950.      7.     66.      1.    305.      6.
    700.   3159.      7.     56.     -1.    314.      5.
    693.   3244.      7.     54.     -2.    319.      5.
    691.   3266.      7.     52.     -2.    320.      5.
    672.   3499.      7.     33.     -8.    316.      5.
    649.   3778.      7.      9.    -24.    306.      8.
    638.   3920.      7.     14.    -19.    310.      8.
    597.   4462.      3.     31.    -13.    306.      4.
    565.   4902.      0.     29.    -16.    300.      2.
    553.   5084.      0.     14.    -24.    292.      2.
    531.   5405.     -2.     35.    -16.    275.      2.
    504.   5812.     -6.     65.    -12.    267.      2.
    500.   5875.     -6.     56.    -13.    268.      2.
    488.   6065.     -7.     49.    -16.    268.      4.
    464.   6464.    -10.      7.    -39.    273.      1.
    448.   6721.    -12.      5.    -44.    278.      0.
    444.   6788.    -13.      4.    -46.    279.      0.
    417.   7265.    -15.     24.    -31.    290.      8.
    408.   7431.    -16.     37.    -28.    291.      9.
    400.   7583.    -18.     41.    -28.    290.      9.
    388.   7810.    -20.     41.    -30.    287.     10.
    381.   7938.    -21.     27.    -35.    284.      0.
    362.   8322.    -20.      1.    -61.    283.      8.
    330.   8995.    -25.      2.    -61.    263.      7.
    300.   9687.    -30.      6.    -57.    273.      6.
    295.   9816.    -31.      6.    -58.    277.      6.
    287.   9995.    -32.      2.    -66.    282.      6.
    279.  10214.    -32.      3.    -64.    284.      5.
    277.  10244.    -32.      3.    -64.    284.      6.
    250.  10969.    -37.      3.    -67.    282.      3.
    240.  11243.    -40.      3.    -70.    282.      3.
    226.  11659.    -43.      5.    -68.    257.      7.
    221.  11823.    -44.      7.    -67.    269.      2.
    200.  12467.    -51.     14.    -67.    256.      9.
    198.  12521.    -51.     15.    -67.    256.      9.
    191.  12757.    -53.     17.    -67.    262.      0.
    169.  13536.    -59.     10.    -76.    288.      7.
    166.  13673.    -61.     10.    -78.    286.      6.
    162.  13820.    -60.      7.    -79.    278.      3.
    150.  14284.    -63.      4.    -85.    261.      4.
    120.  15615.    -73.     13.    -87.    222.      2.
    100.  16660.    -82.     18.    -92.    234.      9.
    100.  16665.    -82.     18.    -92.    234.      9.
     99.  16723.    -83.     18.    -93.    231.      8.
     98.  16796.    -82.     18.    -92.    232.      6.
     94.  17033.    -82.     19.    -92.    264.      4.
     89.  17335.    -80.     19.    -90.    220.     10.
     88.  17367.    -80.     19.    -90.    218.     10.
     87.  17444.    -80.     19.    -90.    218.      9.
     81.  17823.    -80.     18.    -90.    265.      7.
     79.  17997.    -81.     19.    -91.    265.      6.
     79.  18022.    -81.     19.    -91.    262.      5.
     78.  18095.    -80.     19.    -90.    232.      3.
     76.  18215.    -79.     20.    -89.    178.      5.
     73.  18424.    -75.     19.    -86.    188.      6.
     71.  18580.    -74.     18.    -85.    177.      6.
     70.  18685.    -75.     17.    -86.    171.      5.
     69.  18752.    -76.     17.    -87.    159.      5.
     69.  18785.    -75.     16.    -87.    155.      5.
     67.  18961.    -75.     15.    -87.    156.      9.
     64.  19171.    -73.     13.    -86.    186.      8.
     62.  19382.    -73.     11.    -88.    196.      1.
     61.  19523.    -72.      9.    -87.    209.      8.
     60.  19610.    -71.      9.    -87.    202.      6.
     56.  19967.    -68.      5.    -87.     67.      5.
     54.  20261.    -68.      4.    -89.    148.      1.
     50.  20683.    -66.      2.    -91.    260.      1.
     48.  20980.    -66.      2.    -93.      4.      5.
     47.  21057.    -66.      2.    -93.     18.      5.
     46.  21244.    -64.      1.    -92.    100.      5.
     45.  21288.    -63.      1.    -92.    108.      6.
     44.  21472.    -64.      1.    -93.    124.      8.
     42.  21758.    -65.      1.    -94.    114.      8.
     42.  21769.    -65.      1.    -94.    113.      8.
     41.  21928.    -64.      1.    -94.    113.      5.
     39.  22162.    -64.      1.    -94.     80.      2.
     37.  22555.    -60.      1.    -91.     46.      5.
     37.  22578.    -60.      1.    -91.     46.      5.
     34.  22981.    -59.      1.    -90.     82.      7.
     33.  23198.    -60.      1.    -91.     50.      5.
     32.  23528.    -59.      1.    -90.    153.      2.
     31.  23624.    -59.      1.    -90.      0.      0.
     30.  23836.    -59.      1.    -90.    348.      4.
