   1020.     11.     22.     61.     14.     53.      1.
   1019.     21.     21.     63.     14.     88.      1.
   1008.    114.     21.     65.     14.    112.      5.
   1000.    182.     20.     66.     13.    109.      8.
    925.    848.     14.     84.     12.     83.      2.
    916.    929.     13.     88.     11.     83.      3.
    893.   1147.     12.     82.      9.     67.      3.
    868.   1380.     12.     76.      8.     68.     10.
    850.   1558.     11.     80.      7.     94.      9.
    824.   1817.      9.     90.      7.    124.      7.
    817.   1884.      9.     93.      8.    128.      5.
    797.   2089.      9.     91.      8.    165.      1.
    783.   2241.      8.     97.      8.    223.      3.
    774.   2337.      9.     85.      7.    241.      5.
    760.   2489.      9.     89.      7.    242.      7.
    743.   2679.     11.     43.     -2.    272.      5.
    742.   2692.     11.     43.     -1.    274.      5.
    725.   2885.     11.     32.     -5.    303.      3.
    700.   3171.     10.     25.     -9.    326.      3.
    684.   3358.     10.     12.    -18.    295.      5.
    677.   3443.      9.     10.    -21.    286.      5.
    668.   3564.      9.      8.    -23.    281.      5.
    657.   3702.      8.      8.    -25.    278.      6.
    636.   3959.      6.     14.    -20.    293.      6.
    625.   4102.      5.     27.    -13.    276.      6.
    599.   4448.      2.     44.     -9.    295.      7.
    590.   4569.      0.     48.     -9.    293.      8.
    557.   5033.     -2.     33.    -16.    256.      8.
    547.   5180.     -3.     51.    -12.    244.      8.
    541.   5267.     -4.     61.    -10.    238.      9.
    508.   5758.     -9.     85.    -11.    230.      2.
    502.   5848.     -8.     96.     -8.    230.      4.
    500.   5876.     -8.     94.     -9.    230.      5.
    500.   5884.     -8.     93.     -9.    230.      5.
    465.   6432.    -10.     81.    -12.    256.      8.
    464.   6454.    -10.     80.    -13.    256.      8.
    400.   7584.    -18.     82.    -20.    273.      4.
    389.   7793.    -20.     87.    -21.    275.      4.
    360.   8374.    -23.     58.    -29.    282.      6.
    357.   8433.    -24.     53.    -31.    281.      6.
    320.   9225.    -30.     86.    -32.    273.      8.
    317.   9284.    -30.     76.    -33.    274.      9.
    311.   9429.    -28.     10.    -51.    275.      5.
    304.   9586.    -27.      2.    -64.    264.      4.
    303.   9599.    -27.      2.    -64.    263.      4.
    300.   9676.    -28.      2.    -65.    264.      4.
    250.  10944.    -38.      9.    -60.    278.      1.
    250.  10956.    -38.      9.    -60.    277.      1.
    218.  11870.    -47.     18.    -61.    254.      8.
    215.  11979.    -48.     16.    -63.    247.      8.
    201.  12419.    -51.     10.    -69.    251.      6.
    200.  12444.    -52.     11.    -69.    252.      6.
    183.  13000.    -56.     11.    -73.    273.      4.
    177.  13226.    -58.      9.    -75.    269.      0.
    164.  13688.    -60.      6.    -81.    262.      6.
    161.  13811.    -60.      5.    -82.    249.      7.
    153.  14117.    -63.      4.    -86.    239.      9.
    150.  14255.    -64.      4.    -86.    239.      9.
    147.  14393.    -65.      5.    -86.    239.      9.
    140.  14680.    -67.      7.    -85.    261.     10.
    122.  15484.    -73.     10.    -88.    226.      2.
    118.  15679.    -74.     10.    -89.    232.      2.
    110.  16073.    -77.     11.    -91.    259.      6.
    102.  16529.    -81.     12.    -93.    234.      6.
    100.  16624.    -79.     12.    -92.    231.      7.
    100.  16634.    -79.     12.    -92.    231.      7.
     93.  17034.    -81.     12.    -94.    245.      7.
     91.  17154.    -82.     12.    -94.    239.      6.
     89.  17322.    -80.     13.    -93.    234.      3.
     88.  17384.    -80.     12.    -92.    239.      2.
     83.  17705.    -80.     13.    -92.    256.      9.
     81.  17845.    -80.     13.    -93.    247.      7.
     79.  17943.    -81.     13.    -93.    221.      5.
     78.  18021.    -81.     13.    -93.    198.      6.
     78.  18046.    -81.     13.    -94.    195.      7.
     75.  18286.    -77.     13.    -90.    196.      8.
     73.  18435.    -78.     13.    -91.    192.     10.
     71.  18544.    -78.     13.    -91.    200.      0.
     71.  18599.    -78.     13.    -91.    206.      0.
     70.  18654.    -78.     12.    -91.    214.     10.
     68.  18848.    -77.     12.    -90.    251.      6.
     66.  19024.    -74.     10.    -88.      0.      0.
     64.  19133.    -72.      9.    -87.    351.      5.
     63.  19226.    -70.      8.    -87.      2.     10.
     62.  19334.    -70.      7.    -88.     10.      3.
     62.  19414.    -70.      6.    -89.     21.      1.
     59.  19612.    -69.      4.    -90.     88.      7.
     59.  19679.    -69.      4.    -91.    104.      7.
     57.  19822.    -70.      3.    -92.    125.      6.
     57.  19833.    -70.      3.    -92.    128.      5.
     56.  19954.    -68.      3.    -92.    140.      3.
     55.  20073.    -67.      2.    -91.    118.      4.
     53.  20308.    -67.      2.    -93.     64.      6.
     51.  20547.    -67.      2.    -93.     67.      7.
     50.  20652.    -67.      2.    -94.     78.      7.
     48.  20857.    -66.      1.    -93.    103.      0.
     47.  20989.    -66.      1.    -94.    108.      8.
     47.  21044.    -66.      1.    -94.    102.      5.
     46.  21164.    -65.      1.    -93.     55.      3.
