   1018.     11.     22.     61.     14.     63.      2.
   1017.     21.     22.     65.     15.     82.      1.
   1004.    132.     21.     66.     15.    107.      5.
   1000.    168.     21.     68.     15.    103.      6.
    988.    273.     20.     70.     14.     85.      9.
    925.    836.     15.     82.     12.     88.      4.
    906.   1007.     14.     87.     12.     88.      5.
    903.   1043.     13.     87.     11.     87.      5.
    850.   1547.     10.    100.     10.    123.      3.
    845.   1598.     10.    100.     10.    127.      2.
    844.   1608.     10.    100.     10.    128.      2.
    828.   1763.     12.     83.      9.    137.      7.
    818.   1867.     11.     84.      9.    140.      5.
    801.   2044.     11.     90.      9.    173.      1.
    779.   2275.     10.     87.      8.    234.      5.
    754.   2548.      9.     97.      8.    216.      5.
    739.   2711.      7.     97.      7.    226.      6.
    731.   2809.      8.     77.      5.    234.      6.
    720.   2927.     11.     29.     -7.    211.      3.
    712.   3023.     10.     66.      4.    183.      4.
    706.   3097.     11.     38.     -3.    178.      5.
    705.   3108.     11.     38.     -3.    178.      5.
    700.   3164.     11.     41.     -2.    180.      6.
    681.   3397.     10.     23.    -10.    214.      7.
    666.   3576.     10.     17.    -14.    213.      9.
    647.   3820.      8.     40.     -5.    211.     10.
    629.   4043.      6.     47.     -5.    224.     10.
    625.   4104.      5.     47.     -5.    227.     10.
    599.   4451.      3.     45.     -8.    209.      3.
    594.   4512.      2.     48.     -8.    207.      4.
    579.   4720.      2.     40.    -10.    215.      8.
    574.   4792.      2.     32.    -13.    218.      8.
    547.   5183.     -2.     50.    -11.    222.      6.
    536.   5341.     -2.     34.    -16.    226.      6.
    533.   5377.     -3.     54.    -11.    227.      6.
    510.   5726.     -5.     83.     -7.    237.      5.
    509.   5750.     -5.     84.     -7.    236.      5.
    500.   5888.     -5.     71.     -9.    234.      7.
    493.   5999.     -5.     76.     -9.    239.      7.
    458.   6572.    -10.     65.    -15.    246.      1.
    442.   6845.    -12.     71.    -16.    242.      2.
    400.   7604.    -17.     74.    -21.    252.      0.
    337.   8871.    -27.     95.    -27.    277.     10.
    334.   8920.    -26.     89.    -28.    280.      1.
    314.   9372.    -29.     31.    -41.    274.      1.
    300.   9698.    -31.     26.    -44.    263.      9.
    291.   9923.    -32.     20.    -48.    251.      9.
    250.  10966.    -40.     17.    -56.    242.      7.
    240.  11250.    -42.     11.    -61.    235.      8.
    239.  11262.    -42.     12.    -61.    234.      8.
    219.  11860.    -47.     12.    -65.    241.      6.
    200.  12450.    -52.     14.    -68.    254.      8.
    192.  12708.    -54.     13.    -70.    258.      8.
    178.  13193.    -58.     10.    -75.    257.      8.
    176.  13261.    -58.     10.    -76.    253.      7.
    166.  13630.    -61.      9.    -78.    234.     10.
    150.  14240.    -65.     13.    -80.    242.      2.
    150.  14256.    -65.     13.    -79.    242.      2.
    124.  15397.    -74.     20.    -84.    264.      1.
    123.  15429.    -74.     20.    -85.    262.      1.
    110.  16103.    -77.     18.    -87.    234.      7.
    100.  16622.    -80.     19.    -90.    224.      4.
    100.  16629.    -81.     19.    -91.    224.      4.
     96.  16862.    -82.     21.    -92.    231.      5.
     94.  17008.    -82.     22.    -91.    236.      2.
     89.  17260.    -80.     22.    -89.    216.      7.
