   1017.     11.     23.     71.     17.     60.      2.
   1015.     23.     23.     73.     18.     53.      3.
   1000.    154.     22.     75.     17.     67.      5.
    925.    827.     17.     79.     14.    120.      9.
    919.    881.     17.     81.     14.    125.     10.
    918.    888.     17.     81.     13.    126.      0.
    911.    960.     17.     72.     12.    132.      9.
    891.   1149.     17.     67.     11.    106.      6.
    875.   1299.     15.     71.     10.     96.      5.
    850.   1546.     14.     85.     11.     39.      4.
    828.   1764.     13.     78.      9.      0.      0.
    814.   1908.     12.     80.      9.    250.      5.
    797.   2093.     12.     80.      8.    254.      6.
    777.   2301.     11.     75.      6.    233.      8.
    767.   2413.     10.     74.      6.    255.      6.
    760.   2483.     10.     79.      6.    274.      6.
    712.   3022.      6.     94.      5.    293.      3.
    710.   3045.      6.     95.      5.    293.      3.
    700.   3162.      8.     73.      4.    291.      3.
    700.   3165.      8.     73.      4.    291.      3.
    662.   3625.      7.     55.     -1.    267.      4.
    659.   3670.      8.     30.     -9.    263.      4.
    653.   3742.      7.     31.     -9.    256.      3.
    609.   4307.      4.     17.    -19.    245.      6.
    599.   4448.      3.     17.    -20.    256.      5.
    598.   4457.      3.     17.    -20.    255.      5.
    580.   4702.      2.     23.    -17.    230.      4.
    569.   4854.      2.     10.    -27.    235.      5.
    545.   5199.      0.     34.    -14.    223.      7.
    513.   5683.     -4.     55.    -12.    221.      4.
    500.   5885.     -6.     59.    -13.    231.      6.
    500.   5890.     -6.     59.    -13.    231.      6.
    492.   6005.     -6.     41.    -17.    229.      8.
    490.   6046.     -6.     35.    -19.    228.      8.
    474.   6302.     -8.     50.    -17.    222.      9.
    464.   6467.     -9.     21.    -27.    228.      0.
    463.   6490.     -9.     20.    -28.    226.      1.
    428.   7082.    -14.     42.    -24.    213.      7.
    405.   7501.    -17.     63.    -22.    220.      4.
    400.   7598.    -17.     51.    -25.    222.      3.
    387.   7839.    -19.     70.    -23.    234.      1.
    371.   8163.    -21.     70.    -26.    223.      0.
    349.   8611.    -25.     75.    -28.    236.      9.
    315.   9332.    -31.     97.    -32.    238.      0.
    308.   9500.    -32.     82.    -34.    240.     10.
    306.   9550.    -31.     60.    -37.    240.     10.
    300.   9686.    -32.     31.    -44.    246.      0.
    300.   9694.    -32.     31.    -44.    246.      0.
    287.  10002.    -35.     37.    -44.    250.      2.
    250.  10947.    -42.     24.    -55.    227.      5.
    250.  10952.    -42.     24.    -55.    227.      5.
    237.  11297.    -45.     21.    -58.    234.      6.
    231.  11490.    -45.      6.    -68.    230.      7.
    226.  11623.    -45.      4.    -71.    230.      7.
    200.  12428.    -52.      6.    -73.    236.      5.
    172.  13378.    -60.      8.    -78.    232.      6.
    158.  13912.    -63.     12.    -78.    247.      6.
    152.  14151.    -65.     18.    -77.    242.      5.
    150.  14233.    -64.     16.    -78.    242.      5.
    138.  14728.    -68.      9.    -84.    238.      3.
    116.  15789.    -76.     13.    -89.    222.      8.
    107.  16244.    -79.     17.    -90.    233.      8.
    106.  16280.    -79.     17.    -90.    236.      7.
    100.  16611.    -79.     16.    -90.    243.      8.
     96.  16862.    -78.     15.    -90.    199.      5.
     93.  17011.    -77.     14.    -89.    210.      6.
     89.  17305.    -77.     13.    -90.    252.      0.
     87.  17423.    -77.     12.    -90.    248.      7.
     84.  17605.    -78.     12.    -91.    226.      9.
     81.  17808.    -80.     12.    -93.    229.      2.
     81.  17819.    -80.     12.    -93.    230.      2.
     78.  18057.    -77.     11.    -90.    266.      8.
     77.  18132.    -77.     11.    -90.    269.      5.
     75.  18253.    -76.     11.    -90.    213.      2.
     73.  18390.    -76.     10.    -90.    157.      5.
     72.  18508.    -76.     10.    -91.    169.      7.
     70.  18656.    -75.      9.    -90.    205.      9.
     70.  18695.    -75.      9.    -90.    215.     10.
     67.  18916.    -74.      8.    -90.    274.      8.
     65.  19095.    -73.      7.    -90.    304.      5.
     62.  19383.    -72.      5.    -91.    329.      1.
     62.  19405.    -72.      5.    -91.      2.      1.
     60.  19553.    -72.      4.    -92.    125.      2.
     57.  19848.    -69.      3.    -91.    114.      5.
     55.  20033.    -68.      2.    -92.    127.      0.
     54.  20179.    -66.      2.    -92.    140.      6.
     53.  20262.    -65.      1.    -92.    119.      3.
     53.  20365.    -64.      1.    -92.     86.      5.
     52.  20385.    -63.      1.    -92.     90.      6.
     51.  20522.    -63.      1.    -93.    112.      9.
     50.  20662.    -62.      1.    -92.    111.      7.
     46.  21166.    -61.      1.    -91.    136.      6.
     46.  21199.    -60.      1.    -91.    133.      6.
     45.  21362.    -61.      1.    -92.    107.      6.
     43.  21622.    -62.      1.    -92.    104.      7.
     43.  21633.    -62.      1.    -92.    103.      7.
     40.  22010.    -61.      1.    -92.     60.      5.
     39.  22288.    -61.      1.    -91.     50.      7.
     37.  22531.    -61.      1.    -92.     87.      6.
