   1016.     11.     24.     73.     19.    261.      1.
   1015.     21.     24.     78.     20.    301.      1.
   1000.    148.     23.     83.     20.    307.      3.
    925.    823.     18.     94.     17.    237.      4.
    917.    898.     17.     97.     16.    231.      4.
    895.   1109.     17.     88.     15.    230.      5.
    877.   1281.     16.     86.     13.    250.      7.
    854.   1510.     16.     61.      9.    252.      7.
    850.   1545.     16.     62.      9.    253.      7.
    805.   2005.     14.     74.     10.    263.      6.
    790.   2166.     14.     71.      9.    281.      6.
    762.   2472.     12.     75.      8.    308.      7.
    700.   3173.      6.     93.      5.    295.      8.
    690.   3287.      5.     98.      5.    295.      9.
    667.   3565.      5.     88.      3.    294.      2.
    643.   3870.      3.     92.      2.    293.      2.
    642.   3880.      3.     92.      2.    292.      2.
    630.   4029.      4.     82.      1.    277.     10.
    622.   4131.      3.     78.      0.    263.      9.
    614.   4241.      3.     69.     -2.    253.     10.
    598.   4460.      2.     78.     -1.    238.      3.
    572.   4808.      1.     77.     -3.    236.      5.
    545.   5201.     -2.     86.     -4.    240.      6.
    511.   5705.     -6.     93.     -7.    216.      7.
    500.   5880.     -7.     93.     -8.    220.      9.
    490.   6040.     -8.     92.     -9.    224.     10.
    486.   6103.     -8.     62.    -14.    228.      0.
    476.   6262.     -9.     62.    -15.    233.      1.
    473.   6315.     -9.     39.    -20.    233.      1.
    464.   6454.    -10.     34.    -23.    235.      1.
    458.   6560.    -10.     26.    -26.    233.      1.
    456.   6597.    -10.     44.    -20.    232.      2.
    441.   6858.    -12.     18.    -31.    234.      4.
    408.   7448.    -17.     50.    -25.    224.      7.
    402.   7549.    -18.     47.    -27.    222.      7.
    400.   7589.    -18.     48.    -27.    224.      7.
    397.   7638.    -19.     46.    -27.    226.      6.
    392.   7737.    -19.     21.    -36.    231.      5.
    373.   8110.    -22.     26.    -36.    232.      7.
    355.   8469.    -24.     60.    -30.    231.      9.
    346.   8652.    -25.     82.    -28.    235.      6.
    324.   9123.    -29.     71.    -33.    237.      6.
    319.   9243.    -30.     41.    -39.    236.      7.
    303.   9596.    -33.     42.    -42.    237.      6.
    300.   9669.    -32.      6.    -59.    236.      6.
    300.   9676.    -32.      5.    -60.    236.      7.
    294.   9829.    -33.      2.    -66.    234.      5.
    250.  10937.    -42.      4.    -69.    246.      7.
    239.  11245.    -44.      4.    -70.    254.      8.
    213.  12018.    -50.      5.    -73.    235.      8.
    202.  12344.    -53.      7.    -74.    239.     10.
    200.  12410.    -54.      7.    -74.    241.      1.
    183.  12992.    -55.      5.    -78.    251.      9.
    170.  13465.    -59.      6.    -79.    252.      2.
    150.  14222.    -64.     10.    -81.    237.      0.
    126.  15256.    -73.     21.    -83.    230.      1.
    110.  16041.    -77.     20.    -87.    243.      4.
    110.  16062.    -77.     20.    -87.    243.      4.
    106.  16261.    -74.     18.    -85.    231.      7.
    100.  16604.    -77.     16.    -88.    215.      1.
    100.  16607.    -77.     16.    -88.    215.      1.
     94.  16974.    -77.     15.    -89.    259.      8.
     90.  17235.    -80.     16.    -91.    261.      6.
     87.  17416.    -81.     16.    -92.    247.      2.
     86.  17468.    -81.     16.    -92.    237.      1.
     84.  17583.    -79.     17.    -90.    214.      1.
     82.  17720.    -77.     17.    -88.    213.      9.
     82.  17741.    -76.     17.    -87.    210.      9.
     80.  17865.    -77.     17.    -88.    196.      1.
     78.  18042.    -77.     16.    -88.    208.      3.
     74.  18347.    -74.     15.    -86.    237.      7.
     73.  18421.    -74.     14.    -86.    248.      5.
     70.  18657.    -73.     12.    -86.    360.      1.
     70.  18669.    -73.     12.    -87.      0.      0.
     68.  18843.    -73.     10.    -87.    142.      5.
     66.  19003.    -70.      9.    -86.    137.     10.
     61.  19447.    -69.      6.    -88.    173.      2.
     59.  19727.    -68.      4.    -89.    142.      5.
     57.  19861.    -68.      4.    -90.    164.      8.
     57.  19894.    -68.      4.    -90.    167.      9.
     56.  19995.    -67.      3.    -90.    180.      7.
     56.  20043.    -67.      3.    -89.    190.      5.
     50.  20675.    -63.      2.    -91.    176.      1.
     49.  20862.    -62.      1.    -91.      0.      0.
     48.  20908.    -62.      1.    -91.      0.      0.
     46.  21234.    -63.      1.    -93.     24.      1.
     40.  22000.    -59.      1.    -90.    157.      5.
     40.  22035.    -59.      1.    -90.    163.      5.
     39.  22233.    -58.      1.    -90.      0.      0.
     38.  22396.    -58.      1.    -89.     46.      5.
     38.  22422.    -58.      1.    -89.     46.      6.
     37.  22595.    -58.      1.    -90.     54.      9.
     34.  23055.    -58.      1.    -89.     54.      5.
     33.  23302.    -58.      1.    -89.     84.      6.
     32.  23554.    -57.      1.    -88.     56.      5.
     31.  23603.    -57.      1.    -89.     56.      5.
     30.  23858.    -57.      1.    -89.    131.      5.
     30.  23870.    -57.      1.    -89.    134.      5.
     28.  24334.    -56.      1.    -88.    132.      5.
