   1019.     11.     23.     82.     19.      0.      0.
   1017.     24.     22.     87.     20.      0.      0.
   1000.    173.     21.     91.     20.    360.      1.
    975.    389.     19.     98.     19.      3.      1.
    930.    795.     17.     99.     17.     32.      5.
    925.    845.     17.     98.     17.     30.      5.
    921.    882.     17.     98.     16.     28.      5.
    887.   1200.     15.     93.     14.     41.      5.
    850.   1564.     14.     85.     11.     28.      5.
    804.   2034.     11.     76.      7.     54.      3.
    739.   2732.      5.     95.      4.     55.      3.
    734.   2782.      5.     84.      3.     51.      2.
    729.   2840.     10.     18.    -14.      0.      0.
    727.   2864.     10.     12.    -18.    256.      1.
    707.   3088.      9.      8.    -23.    329.      1.
    700.   3176.     10.      3.    -32.     42.      2.
    685.   3361.     11.      7.    -24.     38.      4.
    665.   3606.      9.      7.    -25.    353.      5.
    655.   3731.      8.      7.    -26.    337.      8.
    651.   3777.      8.      7.    -27.    335.      8.
    570.   4856.     -1.      6.    -35.    310.     10.
    545.   5216.     -3.      3.    -43.    280.      1.
    519.   5594.     -6.      2.    -47.    281.      3.
    500.   5882.     -8.      5.    -41.    284.      5.
    461.   6498.    -14.     10.    -39.    286.      7.
    448.   6715.    -15.      6.    -45.    290.      7.
    441.   6836.    -16.      6.    -46.    282.      7.
    411.   7361.    -18.      5.    -49.    255.      7.
    409.   7398.    -18.      4.    -50.    253.      7.
    400.   7570.    -20.      5.    -51.    251.      7.
    383.   7883.    -21.      5.    -51.    241.      8.
    371.   8125.    -23.     34.    -35.    236.      2.
    357.   8406.    -26.     50.    -33.    234.      2.
    349.   8575.    -27.     29.    -40.    238.      1.
    346.   8637.    -27.      6.    -54.    240.      0.
    308.   9452.    -33.      6.    -59.    248.      0.
    300.   9644.    -34.      5.    -61.    254.      4.
    298.   9698.    -34.      5.    -61.    254.      4.
    264.  10532.    -38.      3.    -69.    261.      1.
    250.  10905.    -41.      2.    -71.    248.      8.
    249.  10920.    -41.      2.    -72.    248.      8.
    237.  11260.    -42.      2.    -74.    258.      5.
    221.  11735.    -46.      2.    -78.    270.      7.
    211.  12051.    -48.      2.    -79.    255.      3.
    204.  12264.    -50.      2.    -79.    247.      4.
    200.  12394.    -51.      3.    -79.    247.      6.
    168.  13511.    -60.      4.    -82.    262.      9.
    154.  14058.    -65.      6.    -83.    255.      2.
    150.  14202.    -65.      7.    -83.    259.      2.
    149.  14232.    -65.      7.    -84.    260.      2.
    136.  14820.    -68.      6.    -87.    251.      9.
    128.  15142.    -71.      7.    -88.    261.      8.
    123.  15390.    -71.      7.    -88.    273.      3.
    106.  16259.    -77.      9.    -92.    239.      5.
    100.  16590.    -78.      9.    -92.    223.      2.
    100.  16597.    -78.      9.    -92.    224.      2.
     96.  16830.    -79.     10.    -93.    232.      3.
     91.  17113.    -78.     10.    -92.    257.      7.
     90.  17188.    -77.     10.    -91.    256.      5.
     85.  17497.    -79.     10.    -93.    238.      6.
     84.  17588.    -78.     10.    -92.    236.      6.
     80.  17856.    -77.     10.    -91.    258.      1.
     80.  17907.    -76.     10.    -90.    262.     10.
     78.  18044.    -72.     10.    -88.    308.      6.
     77.  18075.    -73.      9.    -88.    317.      6.
     76.  18201.    -73.      8.    -89.    332.      5.
     73.  18415.    -74.      7.    -91.     67.      1.
     70.  18651.    -73.      6.    -91.    184.      5.
     70.  18683.    -73.      6.    -91.    197.      5.
     68.  18822.    -72.      6.    -90.    227.      6.
     67.  18956.    -69.      5.    -89.    164.      6.
     63.  19241.    -68.      3.    -91.    167.      7.
     62.  19374.    -68.      2.    -92.    153.      7.
     61.  19466.    -67.      2.    -92.    155.      5.
     59.  19639.    -65.      1.    -93.    320.      2.
     57.  19935.    -67.      1.    -95.     58.      4.
     56.  20017.    -66.      1.    -95.     90.      5.
     54.  20195.    -65.      1.    -95.    128.      5.
     52.  20415.    -63.      1.    -93.     65.      3.
     51.  20562.    -63.      1.    -93.     71.      5.
     50.  20684.    -63.      1.    -93.     66.      6.
     48.  20888.    -63.      1.    -93.     45.      5.
     45.  21284.    -63.      1.    -93.     80.      8.
     44.  21435.    -62.      1.    -93.    106.      7.
     42.  21794.    -62.      1.    -92.    108.      5.
     39.  22168.    -61.      1.    -91.     58.      6.
     38.  22417.    -60.      1.    -91.    106.      9.
     37.  22606.    -59.      1.    -90.    115.      5.
     33.  23250.    -57.      1.    -89.    121.      2.
     30.  23875.    -55.      1.    -87.     23.      2.
     29.  24192.    -53.      1.    -86.     32.      5.
     29.  24214.    -53.      1.    -86.     33.      5.
     27.  24492.    -54.      1.    -87.     50.      7.
     27.  24501.    -54.      1.    -87.     52.      7.
     26.  24688.    -53.      1.    -86.     93.      6.
     25.  25104.    -51.      1.    -85.    138.      5.
     23.  25744.    -52.      1.    -85.    133.      1.
     21.  26325.    -49.      1.    -83.    176.      5.
     20.  26503.    -49.      1.    -83.    155.      3.
