   1018.     11.     21.     80.     18.     66.      2.
   1017.     20.     21.     85.     18.    104.      2.
   1007.    102.     20.     86.     18.     89.      6.
   1000.    165.     20.     86.     18.     81.      8.
    975.    380.     19.     87.     16.     62.      1.
    947.    637.     17.     88.     15.     61.      4.
    925.    834.     16.     94.     15.     62.      3.
    891.   1148.     13.     99.     13.     62.      1.
    885.   1208.     13.    100.     13.     63.      1.
    850.   1548.     12.    100.     12.     81.      1.
    789.   2175.      9.    100.      9.    124.      8.
    782.   2245.      9.    100.      9.    137.      7.
    756.   2524.      9.     77.      5.    217.      6.
    743.   2668.      8.     60.      1.    229.      5.
    742.   2681.      8.     60.      1.    229.      5.
    733.   2786.     10.     16.    -15.    243.      4.
    731.   2799.     10.     17.    -15.    246.      4.
    728.   2839.      9.     18.    -14.    258.      4.
    719.   2941.      9.     18.    -14.    296.      5.
    718.   2953.      9.     16.    -16.    298.      5.
    712.   3019.     10.      7.    -24.    304.      7.
    704.   3114.      9.      7.    -26.    306.      7.
    700.   3161.      9.      7.    -26.    302.      7.
    664.   3591.      5.     17.    -18.    234.      9.
    659.   3654.      6.      6.    -30.    225.      9.
    655.   3707.      7.      4.    -32.    222.      9.
    629.   4038.      5.      6.    -31.    201.      6.
    553.   5068.     -1.      8.    -32.    243.      9.
    544.   5206.     -2.      6.    -35.    252.     10.
    512.   5679.     -7.      6.    -39.    250.      2.
    500.   5865.     -8.      5.    -41.    238.      2.
    486.   6088.    -10.      6.    -41.    223.      2.
    426.   7081.    -19.     12.    -42.    237.      2.
    425.   7108.    -19.     12.    -42.    238.      2.
    400.   7549.    -22.     10.    -45.    256.      5.
    385.   7837.    -24.     12.    -46.    270.      8.
    363.   8255.    -28.     16.    -46.    270.      4.
    347.   8578.    -29.     12.    -50.    264.      0.
    328.   8980.    -32.     10.    -54.    261.      7.
    322.   9116.    -31.      4.    -60.    257.      9.
    319.   9168.    -31.      4.    -61.    257.      0.
    300.   9609.    -33.      2.    -66.    266.      7.
    283.  10005.    -37.      3.    -67.    267.      5.
    275.  10210.    -37.      3.    -69.    257.      8.
    266.  10437.    -38.      2.    -71.    264.      2.
    250.  10869.    -40.      2.    -73.    263.      2.
    222.  11661.    -45.      2.    -77.    273.      9.
    202.  12293.    -50.      3.    -78.    280.      4.
    200.  12359.    -51.      3.    -78.    279.      3.
    170.  13398.    -60.      6.    -80.    250.      5.
    159.  13810.    -63.      7.    -82.    233.      8.
    151.  14137.    -66.      9.    -83.    240.      0.
    150.  14168.    -66.      9.    -83.    241.      1.
    137.  14710.    -69.      9.    -85.    257.      3.
    133.  14888.    -70.      9.    -85.    265.      1.
    129.  15063.    -68.      9.    -84.    275.      6.
    129.  15080.    -68.      9.    -84.    275.      5.
    120.  15512.    -70.      7.    -88.    248.      9.
    117.  15635.    -71.      7.    -88.    238.     10.
    106.  16254.    -76.      9.    -91.    238.      6.
    105.  16296.    -76.      9.    -91.    240.      6.
    100.  16563.    -77.     10.    -91.    260.      4.
    100.  16569.    -76.     10.    -91.    260.      4.
     93.  16990.    -74.     10.    -88.    257.      5.
     89.  17255.    -76.     10.    -90.    264.      2.
     84.  17583.    -76.     11.    -90.    226.      7.
     84.  17598.    -76.     11.    -90.    226.      7.
     81.  17765.    -74.     11.    -88.    224.      6.
     81.  17819.    -73.     11.    -87.    219.      7.
     79.  17945.    -74.     11.    -88.    206.      9.
     77.  18114.    -75.     11.    -89.    209.     10.
     76.  18170.    -73.     10.    -88.    208.     10.
     74.  18314.    -70.      9.    -85.    248.      6.
     74.  18324.    -70.      9.    -85.    254.      6.
     74.  18346.    -69.      9.    -85.    265.      5.
     70.  18650.    -70.      7.    -88.     59.      5.
     69.  18704.    -70.      6.    -88.     78.      5.
     68.  18847.    -70.      6.    -88.    115.      5.
     66.  18962.    -69.      5.    -88.    159.      2.
     66.  18995.    -69.      5.    -89.    183.      2.
     60.  19596.    -67.      3.    -90.     23.      5.
     58.  19812.    -68.      2.    -92.     61.      5.
     54.  20263.    -65.      2.    -92.     45.      5.
     52.  20430.    -65.      1.    -93.     88.      8.
