   1018.     11.     22.     72.     17.     70.      2.
   1017.     17.     22.     77.     17.     64.      2.
   1005.    123.     21.     78.     17.     89.      7.
   1000.    165.     20.     80.     17.     89.      7.
    943.    667.     16.     93.     15.     69.      3.
    942.    679.     16.     91.     15.     69.      3.
    925.    833.     15.     94.     14.     72.      1.
    895.   1114.     14.     98.     13.     97.      1.
    889.   1171.     13.    100.     13.     97.      0.
    853.   1521.     11.    100.     11.     84.     10.
    850.   1546.     11.    100.     11.     85.     10.
    814.   1909.      9.    100.      9.    129.      6.
    801.   2045.      8.    100.      8.    213.      3.
    786.   2198.      8.     68.      2.    273.      5.
    778.   2286.      8.     47.     -3.    272.      7.
    772.   2351.      9.     75.      5.    268.      6.
    767.   2398.      9.     66.      3.    255.      5.
    755.   2528.      9.     55.      0.    261.      4.
    748.   2605.      9.     32.     -7.    250.      3.
    731.   2801.      8.     51.     -2.    275.      1.
    707.   3070.      6.     61.     -1.    347.      3.
    700.   3154.      6.     57.     -2.    333.      3.
    685.   3325.      5.     27.    -12.    314.      6.
    668.   3536.      4.     83.      1.    329.      9.
    667.   3544.      4.     84.      1.    330.      9.
    653.   3719.      3.     68.     -2.    326.      8.
    640.   3884.      3.     73.     -2.    286.      8.
    636.   3939.      3.     76.     -1.    282.      8.
    631.   4003.      3.     54.     -6.    279.      8.
    625.   4077.      2.     57.     -6.    276.     10.
    609.   4286.      1.     71.     -4.    292.      9.
    599.   4423.     -1.     73.     -5.    283.     10.
    588.   4568.     -2.     79.     -5.    295.      1.
    550.   5099.     -5.     75.     -9.    304.      0.
    506.   5737.    -10.     75.    -14.    281.     10.
    500.   5836.    -11.     80.    -14.    277.      1.
    490.   5999.    -12.     83.    -15.    278.      2.
    477.   6192.    -13.     51.    -21.    264.      4.
    472.   6273.    -13.     27.    -28.    259.      5.
    470.   6305.    -13.     20.    -32.    259.      6.
    429.   7004.    -18.     40.    -29.    251.      6.
    426.   7057.    -19.     39.    -29.    254.      7.
    412.   7303.    -20.     74.    -24.    266.      9.
    400.   7517.    -22.     65.    -27.    272.      1.
    393.   7651.    -23.     65.    -28.    276.     10.
    372.   8055.    -26.     74.    -30.    271.      0.
    349.   8500.    -29.     38.    -39.    263.      4.
    343.   8639.    -30.     52.    -37.    262.      5.
    336.   8769.    -31.     27.    -44.    264.      4.
    327.   8963.    -33.     41.    -42.    259.      5.
    323.   9066.    -32.      5.    -60.    255.      7.
    322.   9078.    -32.      4.    -61.    254.      7.
    300.   9574.    -34.      3.    -66.    272.      7.
    280.  10045.    -37.      2.    -70.    290.     10.
    272.  10263.    -37.      2.    -72.    301.      5.
    263.  10501.    -37.      2.    -72.    303.      8.
    250.  10836.    -40.      2.    -74.    304.      0.
    218.  11769.    -48.      3.    -75.    298.      2.
    209.  12049.    -50.      3.    -76.    299.      1.
    200.  12320.    -52.      4.    -77.    301.     10.
    168.  13432.    -59.      4.    -82.    301.      7.
    162.  13655.    -60.      4.    -82.    294.      6.
    150.  14136.    -64.      5.    -84.    266.      1.
    150.  14142.    -64.      5.    -84.    266.      1.
    125.  15215.    -73.     12.    -87.    263.      6.
    123.  15325.    -73.     12.    -87.    266.      7.
    113.  15804.    -75.     11.    -89.    284.      6.
    113.  15814.    -75.     11.    -89.    284.      5.
    110.  15972.    -74.     11.    -88.    291.      1.
    100.  16523.    -76.      9.    -91.    273.      1.
    100.  16527.    -76.      9.    -91.    273.      1.
     97.  16679.    -76.      9.    -91.    273.      1.
     91.  17055.    -75.      9.    -90.    282.      6.
     84.  17565.    -76.      8.    -91.    245.      4.
     79.  17875.    -74.      8.    -90.    269.      2.
     74.  18271.    -71.      6.    -89.    253.      7.
     70.  18607.    -71.      5.    -91.    203.      5.
     70.  18616.    -71.      5.    -91.    202.      5.
     69.  18657.    -71.      5.    -91.    200.      6.
     68.  18753.    -68.      4.    -89.    216.      5.
     68.  18818.    -67.      4.    -89.    253.      3.
     66.  18925.    -67.      3.    -90.      0.      0.
     61.  19410.    -66.      2.    -93.    172.      9.
     60.  19580.    -65.      1.    -93.    178.      5.
     57.  19848.    -63.      1.    -93.    105.      1.
     56.  20010.    -64.      1.    -94.     47.      1.
     52.  20445.    -65.      1.    -95.     88.      3.
     50.  20650.    -64.      1.    -94.     10.      1.
     49.  20806.    -64.      1.    -94.    343.      5.
     48.  20898.    -64.      1.    -94.    339.      6.
     46.  21185.    -64.      1.    -94.     52.      4.
     40.  21970.    -62.      1.    -93.    999.     10.
     36.  22725.    -59.      1.    -90.     90.      7.
     30.  23825.    -56.      1.    -88.     66.      7.
     29.  24017.    -54.      1.    -87.     86.      6.
     28.  24350.    -53.      1.    -86.    151.      5.
     27.  24619.    -52.      1.    -85.    173.      5.
     25.  24919.    -52.      1.    -85.    128.      6.
     24.  25294.    -52.      1.    -85.    146.      6.
