   1012.     11.     25.     78.     21.     62.      4.
   1009.     32.     25.     77.     21.     58.      4.
   1000.    113.     24.     80.     21.     61.      5.
    972.    362.     22.     88.     20.     73.      9.
    963.    444.     22.     87.     20.     74.      1.
    958.    489.     22.     80.     19.     78.      1.
    925.    793.     20.     85.     18.     86.      9.
    919.    852.     20.     86.     17.     90.      9.
    902.   1015.     19.     88.     17.     79.      6.
    850.   1520.     17.     75.     12.    102.      6.
    837.   1652.     16.     80.     12.    111.      6.
    810.   1929.     14.     86.     11.     91.      5.
    807.   1961.     15.     67.      9.     88.      5.
    805.   1983.     17.     50.      6.     86.      5.
    796.   2077.     17.     35.      2.     69.      4.
    790.   2146.     17.     36.      2.     47.      3.
    785.   2196.     17.     36.      2.     30.      2.
    753.   2545.     15.     34.     -1.    290.      5.
    739.   2704.     14.     43.      2.    270.      6.
    729.   2824.     13.     42.      0.    278.      5.
    719.   2934.     12.     43.      0.    261.      7.
    716.   2980.     12.     42.     -1.    256.      6.
    700.   3163.     11.     39.     -3.    265.      4.
    679.   3417.      9.     43.     -3.    252.      7.
    667.   3567.      8.     20.    -13.    251.      7.
    639.   3912.      6.     24.    -13.    249.      8.
    631.   4015.      5.     61.     -2.    253.      8.
    617.   4204.      3.     59.     -4.    250.     10.
    614.   4239.      3.     62.     -4.    250.     10.
    596.   4477.      1.     56.     -6.    240.      9.
    585.   4637.      1.     49.     -9.    262.      1.
    568.   4860.      0.     41.    -12.    268.      4.
    562.   4945.     -1.     67.     -6.    264.      5.
    560.   4976.     -1.     63.     -7.    264.      5.
    554.   5071.     -1.     32.    -16.    265.      5.
    525.   5488.     -4.     62.    -11.    255.      6.
    516.   5626.     -4.     33.    -18.    247.      6.
    513.   5677.     -5.     33.    -19.    245.      6.
    500.   5877.     -5.     34.    -19.    260.      6.
    500.   5882.     -5.     33.    -19.    260.      6.
    497.   5922.     -5.     16.    -27.    262.      6.
    496.   5933.     -5.     13.    -30.    262.      5.
    484.   6132.     -6.      1.    -54.    257.      4.
    463.   6471.     -8.     15.    -30.    254.      5.
    444.   6809.    -11.     41.    -21.    271.      5.
    436.   6946.    -11.     38.    -23.    277.      7.
    403.   7535.    -16.     23.    -32.    260.      5.
    400.   7597.    -16.     23.    -33.    266.      6.
    384.   7897.    -18.     30.    -31.    289.      5.
    361.   8374.    -21.     13.    -42.    289.      9.
    357.   8451.    -21.     10.    -45.    289.      9.
    323.   9184.    -27.      8.    -51.    270.      6.
    300.   9705.    -31.     10.    -53.    277.      6.
    264.  10592.    -39.      8.    -61.    299.      6.
    263.  10630.    -39.      8.    -61.    302.      7.
    250.  10970.    -41.      9.    -61.    292.      8.
    239.  11277.    -43.      4.    -69.    296.     10.
    212.  12081.    -49.      8.    -69.    306.      9.
    200.  12453.    -52.      6.    -73.    292.      6.
    175.  13309.    -60.      8.    -78.    292.      8.
    153.  14152.    -65.      2.    -89.    275.      8.
    152.  14163.    -65.      3.    -89.    274.      8.
    150.  14256.    -65.      3.    -89.    274.      8.
    119.  15641.    -77.     14.    -89.    279.      6.
    116.  15778.    -75.     14.    -87.    275.      5.
    112.  15986.    -76.     14.    -88.    284.      3.
    106.  16267.    -77.     13.    -90.    259.      4.
    102.  16512.    -79.     14.    -91.    272.      4.
    100.  16615.    -79.     14.    -91.    282.      3.
    100.  16622.    -79.     14.    -91.    284.      3.
     97.  16785.    -79.     14.    -91.    305.      2.
     96.  16884.    -79.     14.    -91.    301.      1.
     93.  17016.    -79.     15.    -91.    272.      9.
     91.  17146.    -78.     14.    -90.    276.      5.
     89.  17308.    -79.     14.    -90.    233.      3.
     87.  17396.    -79.     14.    -91.    184.      5.
     84.  17645.    -79.     15.    -91.    203.      3.
     83.  17705.    -80.     15.    -91.    207.      3.
     81.  17856.    -78.     14.    -90.    218.      0.
     78.  18034.    -78.     14.    -90.    274.     10.
     77.  18150.    -78.     14.    -90.    283.      8.
     75.  18274.    -77.     14.    -89.    240.      5.
     73.  18459.    -75.     13.    -88.    241.      5.
     70.  18629.    -75.     12.    -89.    215.     10.
     70.  18660.    -75.     12.    -89.    216.     10.
     68.  18825.    -75.     11.    -89.    239.      7.
     65.  19096.    -74.      9.    -89.    238.      6.
     63.  19324.    -74.      7.    -90.    251.      1.
     53.  20255.    -68.      1.    -95.    315.      5.
     52.  20391.    -68.      1.    -96.    350.      5.
     50.  20650.    -67.      1.    -96.     79.      4.
     48.  20913.    -66.      1.    -95.    145.      3.
     40.  21995.    -58.      1.    -90.     85.      2.
     37.  22520.    -57.      1.    -89.      0.      0.
     36.  22717.    -56.      1.    -88.     18.      5.
     35.  22849.    -56.      1.    -88.     32.      7.
     33.  23218.    -55.      1.    -88.     66.      5.
     30.  23851.    -55.      1.    -87.     82.      3.
     28.  24381.    -55.      1.    -87.    146.      1.
