   1017.     11.     21.     69.     15.     57.      2.
   1016.     22.     21.     72.     16.     87.      2.
   1008.     89.     21.     73.     16.     98.      5.
   1000.    158.     20.     74.     15.     95.      8.
    981.    327.     19.     80.     15.     80.      8.
    940.    684.     16.     91.     14.     78.      2.
    925.    825.     15.     79.     11.     77.      2.
    920.    872.     15.     80.     11.     77.      2.
    909.    972.     14.     83.     11.     86.      1.
    875.   1298.     13.     92.     11.    117.      8.
    869.   1355.     12.     94.     11.    118.      6.
    866.   1382.     12.     94.     11.    116.      6.
    850.   1538.     13.     83.     10.     55.      2.
    847.   1563.     13.     80.     10.     35.      2.
    840.   1637.     13.     70.      8.    334.      2.
    822.   1819.     12.     77.      8.    287.      5.
    785.   2207.     11.     40.     -2.    292.      6.
    770.   2371.     10.     34.     -5.    275.      6.
    750.   2582.      9.     52.     -1.    266.      6.
    746.   2625.      8.     62.      2.    267.      6.
    740.   2697.      8.     38.     -5.    268.      6.
    733.   2769.      7.     71.      2.    275.      8.
    731.   2794.      7.     80.      4.    279.      8.
    720.   2925.      8.     57.      0.    296.      9.
    700.   3153.      6.     62.     -1.    313.      1.
    697.   3185.      6.     63.     -1.    315.      2.
    643.   3843.      1.     81.     -2.    296.      8.
    617.   4180.     -2.     94.     -3.    294.      7.
    614.   4217.     -1.     67.     -7.    296.      7.
    611.   4259.      3.     22.    -17.    298.      7.
    606.   4316.      4.     15.    -20.    300.      7.
    578.   4702.      1.      7.    -32.    309.      3.
    564.   4899.      0.      4.    -37.    326.      2.
    563.   4909.     -1.      4.    -37.    328.      2.
    559.   4977.     -1.      4.    -38.    336.      2.
    500.   5846.     -9.      7.    -38.    333.      5.
    459.   6494.    -15.     10.    -40.    342.      8.
    427.   7040.    -18.      9.    -44.    341.      4.
    408.   7391.    -21.      9.    -46.    327.      9.
    400.   7528.    -22.      7.    -48.    325.      9.
    396.   7599.    -23.      7.    -49.    326.      9.
    383.   7845.    -24.      5.    -53.    299.      5.
    381.   7894.    -23.      6.    -50.    297.      6.
    358.   8348.    -22.      2.    -61.    303.      4.
    352.   8465.    -22.      2.    -58.    305.      7.
    323.   9090.    -27.      3.    -59.    309.     10.
    300.   9618.    -32.      4.    -61.    310.      7.
    286.   9944.    -34.      5.    -61.    311.      8.
    269.  10382.    -37.      6.    -62.    314.      9.
    250.  10883.    -40.      5.    -66.    309.      4.
    222.  11696.    -46.      5.    -70.    304.      6.
    210.  12065.    -47.      3.    -74.    310.      8.
    201.  12334.    -50.      4.    -74.    312.      7.
    200.  12373.    -50.      4.    -74.    311.      7.
    193.  12607.    -52.      6.    -74.    295.      8.
    174.  13285.    -58.      9.    -76.    297.      8.
    161.  13747.    -61.     10.    -78.    302.      1.
    150.  14187.    -64.      9.    -81.    301.      9.
    140.  14612.    -68.      9.    -84.    291.      6.
    112.  15901.    -79.     24.    -88.    271.      2.
    100.  16544.    -81.     29.    -88.    272.      3.
    100.  16551.    -81.     29.    -88.    272.      3.
     99.  16597.    -81.     29.    -88.    273.      3.
     87.  17361.    -75.     24.    -85.    279.      3.
     84.  17582.    -75.     21.    -85.    261.      3.
     78.  17949.    -72.     17.    -84.    275.      7.
     70.  18621.    -71.      9.    -86.    259.      6.
     70.  18655.    -70.      9.    -86.    254.      5.
     69.  18698.    -69.      8.    -85.    249.      4.
     68.  18835.    -69.      7.    -86.    320.      1.
     64.  19128.    -71.      6.    -89.    127.      5.
     64.  19138.    -71.      6.    -89.    129.      5.
     61.  19464.    -68.      5.    -88.    204.      5.
     60.  19596.    -68.      4.    -89.    220.      7.
     58.  19718.    -68.      4.    -89.    242.      6.
     56.  19946.    -65.      3.    -88.      0.      0.
     53.  20356.    -63.      2.    -89.     79.      2.
     50.  20653.    -64.      2.    -91.     67.      4.
     49.  20772.    -65.      2.    -92.     94.      5.
     49.  20818.    -65.      2.    -92.     99.      6.
     43.  21651.    -60.      1.    -90.      0.      0.
     39.  22236.    -60.      1.    -91.    146.      5.
     37.  22445.    -60.      1.    -91.    166.      8.
     36.  22665.    -60.      1.    -91.    179.      5.
     36.  22742.    -60.      1.    -91.    193.      4.
     34.  23134.    -60.      1.    -91.      0.      0.
     31.  23615.    -58.      1.    -89.    186.      5.
     31.  23684.    -57.      1.    -89.    192.      7.
     30.  23833.    -56.      1.    -88.    204.      3.
     29.  24088.    -55.      1.    -88.    208.      5.
     28.  24250.    -55.      1.    -87.    237.      1.
     26.  24785.    -53.      1.    -86.    329.      5.
     25.  24939.    -53.      1.    -86.    315.      7.
     23.  25561.    -50.      1.    -84.     17.      5.
     22.  25727.    -50.      1.    -84.     15.      4.
     21.  26047.    -51.      1.    -84.    346.      5.
     21.  26295.    -51.      1.    -85.      6.      8.
     20.  26451.    -52.      1.    -85.     16.      7.
     20.  26613.    -52.      1.    -85.     37.      7.
