   1017.     11.     21.     71.     15.     66.      2.
   1016.     22.     21.     73.     16.     61.      2.
   1000.    154.     20.     75.     15.     81.      7.
    997.    181.     20.     75.     15.     83.      8.
    952.    580.     17.     82.     14.     84.      1.
    925.    822.     15.     86.     13.     95.      0.
    876.   1281.     12.     89.     11.     99.      7.
    872.   1317.     13.     88.     11.     99.      5.
    863.   1403.     13.     83.     10.     85.      2.
    858.   1454.     13.     83.     10.    360.      1.
    850.   1535.     13.     86.     11.    265.      3.
    843.   1607.     13.     90.     11.    259.      5.
    842.   1620.     13.     91.     11.    259.      6.
    823.   1806.     13.     81.     10.    249.      8.
    819.   1853.     13.     69.      7.    253.      8.
    795.   2097.     11.     71.      6.    294.      7.
    761.   2465.      9.     76.      5.    291.      8.
    748.   2605.      9.     63.      3.    294.      9.
    713.   2999.      8.     76.      4.    299.      2.
    700.   3152.      7.     79.      3.    303.      3.
    681.   3373.      5.     86.      3.    299.      3.
    627.   4050.      1.     69.     -4.    295.      7.
    611.   4260.     -1.     65.     -6.    284.      6.
    607.   4310.     -1.     55.     -9.    281.      5.
    594.   4481.      2.     13.    -24.    255.      4.
    580.   4678.      0.     14.    -24.    255.      3.
    557.   5004.     -2.      7.    -34.    224.      2.
    524.   5480.     -6.      8.    -35.    215.      1.
    517.   5586.     -6.     10.    -33.    221.      9.
    500.   5844.     -8.     13.    -32.    243.      1.
    485.   6084.    -10.     11.    -35.    269.      4.
    442.   6792.    -15.     12.    -38.    305.      6.
    416.   7246.    -19.     13.    -41.    302.      7.
    411.   7334.    -19.     12.    -41.    302.      9.
    401.   7512.    -18.      4.    -51.    302.      6.
    400.   7536.    -18.      3.    -53.    302.      6.
    391.   7703.    -18.      3.    -53.    294.      9.
    389.   7748.    -18.      3.    -54.    292.      8.
    382.   7886.    -19.      3.    -54.    293.      6.
    325.   9060.    -28.      5.    -57.    301.      6.
    317.   9251.    -30.      6.    -56.    302.      9.
    302.   9597.    -31.     14.    -50.    304.      6.
    300.   9631.    -32.     15.    -50.    304.      6.
    285.  10002.    -35.     21.    -50.    305.      8.
    283.  10044.    -35.     20.    -50.    305.      9.
    250.  10894.    -41.     12.    -60.    302.      5.
    224.  11643.    -47.      9.    -66.    302.      3.
    204.  12239.    -49.      3.    -77.    297.      9.
    203.  12297.    -50.      3.    -78.    294.      9.
    202.  12318.    -50.      3.    -77.    293.      9.
    200.  12378.    -50.      4.    -75.    291.      9.
    197.  12476.    -51.      5.    -75.    289.      8.
    172.  13326.    -59.      9.    -77.    274.      3.
    158.  13880.    -64.     15.    -78.    281.      1.
    150.  14185.    -66.     18.    -78.    291.      1.
    141.  14574.    -69.     17.    -81.    302.      7.
    123.  15370.    -75.     13.    -88.    285.      3.
    115.  15733.    -78.     15.    -90.    281.      6.
    109.  16048.    -79.     16.    -91.    295.      6.
    106.  16195.    -79.     16.    -91.    304.      3.
    100.  16543.    -82.     15.    -93.    295.      8.
     99.  16598.    -82.     16.    -93.    293.      8.
     92.  17037.    -78.     17.    -89.    263.      1.
     90.  17142.    -78.     17.    -89.    269.      4.
     88.  17277.    -77.     16.    -88.    275.      2.
     77.  18011.    -73.     10.    -88.    269.      9.
     77.  18074.    -73.      9.    -89.    269.      8.
     76.  18140.    -73.      8.    -89.    263.      6.
     74.  18293.    -73.      8.    -90.    234.      7.
     70.  18592.    -74.      7.    -91.    258.      8.
     70.  18599.    -74.      7.    -91.    259.      8.
     69.  18672.    -73.      6.    -91.    271.      6.
     68.  18734.    -73.      6.    -90.    270.      5.
     68.  18787.    -72.      6.    -90.    260.      5.
     66.  18993.    -70.      5.    -90.    202.      7.
     64.  19093.    -70.      4.    -91.    190.      8.
     57.  19793.    -66.      1.    -93.    214.     10.
     53.  20333.    -63.      1.    -93.    209.      6.
     52.  20444.    -63.      1.    -93.    206.      6.
     50.  20627.    -63.      1.    -93.    196.      6.
     48.  20832.    -63.      1.    -93.    178.      7.
     43.  21627.    -61.      1.    -91.    999.     10.
     38.  22412.    -59.      1.    -90.     41.      8.
     35.  22920.    -58.      1.    -89.     98.      6.
     31.  23704.    -56.      1.    -88.     93.      8.
     30.  23826.    -56.      1.    -88.     99.      6.
     30.  23937.    -56.      1.    -88.    106.      5.
     25.  25067.    -53.      1.    -86.    999.     10.
     21.  26241.    -51.      1.    -85.    187.      4.
     20.  26434.    -51.      1.    -85.    229.      5.
     20.  26591.    -51.      1.    -85.    254.      6.
     19.  26792.    -51.      1.    -84.    267.      5.
     18.  27063.    -50.      1.    -84.    252.      3.
     18.  27201.    -49.      1.    -83.    258.      5.
     17.  27657.    -47.      1.    -82.    279.      7.
     15.  28556.    -47.      1.    -82.    325.      3.
     14.  28824.    -47.      1.    -82.    295.      9.
     13.  29249.    -47.      1.    -82.    286.      9.
     12.  29609.    -47.      1.    -81.    304.      9.
