   1015.     11.     22.     67.     15.     66.      3.
   1014.     22.     21.     71.     16.     63.      2.
   1000.    141.     21.     73.     16.     82.      7.
    968.    417.     18.     77.     14.     88.      9.
    928.    778.     16.     92.     14.    106.      6.
    926.    804.     16.     92.     14.    105.      6.
    925.    809.     16.     92.     14.    105.      6.
    888.   1158.     16.     68.     10.     48.      1.
    886.   1178.     16.     68.     10.      0.      0.
    861.   1419.     15.     63.      9.    280.      4.
    851.   1520.     15.     70.      9.    301.      5.
    850.   1528.     15.     70.      9.    302.      6.
    810.   1932.     12.     86.     10.    274.      9.
    798.   2056.     12.     58.      4.    266.     10.
    775.   2303.     10.     74.      6.    255.      1.
    773.   2329.     10.     68.      4.    257.      1.
    768.   2380.      9.     92.      8.    261.      1.
    748.   2595.     10.     79.      6.    264.      2.
    700.   3147.      7.     59.     -1.    270.     10.
    650.   3752.      3.     55.     -5.    274.      9.
    641.   3863.      4.     46.     -7.    286.      0.
    629.   4018.      4.     50.     -6.    292.      1.
    612.   4236.      2.     55.     -6.    288.      4.
    593.   4494.      0.     63.     -6.    293.      3.
    585.   4604.     -1.     59.     -8.    296.      2.
    573.   4764.     -2.     57.    -10.    298.      2.
    562.   4925.     -3.     38.    -15.    276.      3.
    555.   5016.     -3.     17.    -24.    260.      3.
    549.   5102.     -2.      6.    -34.    243.      2.
    549.   5114.     -2.      6.    -34.    241.      2.
    531.   5376.     -3.      7.    -35.    244.      2.
    500.   5845.     -6.      6.    -39.    278.      2.
    499.   5866.     -6.      5.    -39.    279.      2.
    471.   6304.     -9.      3.    -46.    276.      7.
    445.   6755.    -13.     24.    -29.    269.      1.
    438.   6862.    -14.     25.    -29.    278.      0.
    431.   6983.    -12.      5.    -45.    283.      1.
    431.   6992.    -13.      5.    -45.    284.      1.
    400.   7556.    -16.      3.    -52.    279.      1.
    378.   7973.    -18.      4.    -52.    278.      1.
    350.   8543.    -23.      6.    -51.    272.      2.
    331.   8945.    -27.     19.    -44.    286.      4.
    300.   9657.    -32.     18.    -49.    287.      5.
    298.   9710.    -33.     18.    -49.    287.      7.
    267.  10473.    -37.      6.    -62.    284.      9.
    258.  10704.    -39.      7.    -62.    284.      9.
    250.  10922.    -40.      6.    -64.    287.     10.
    243.  11119.    -42.      6.    -66.    292.      2.
    200.  12404.    -52.      8.    -72.    303.      0.
    190.  12752.    -54.      6.    -75.    292.      8.
    185.  12911.    -56.      6.    -76.    295.      7.
    179.  13116.    -57.      8.    -76.    274.      4.
    150.  14205.    -67.     21.    -78.    274.      5.
    148.  14276.    -68.     23.    -78.    274.      5.
    117.  15662.    -75.     20.    -85.    277.      1.
    110.  16035.    -77.     18.    -88.    244.      1.
    100.  16573.    -79.     19.    -89.    257.      8.
     93.  17004.    -82.     22.    -91.    265.      0.
     92.  17042.    -82.     22.    -91.    268.      1.
     90.  17149.    -83.     23.    -91.    277.      3.
     87.  17381.    -79.     24.    -88.    304.      7.
     85.  17486.    -77.     23.    -86.    308.      1.
     84.  17562.    -77.     23.    -87.    305.      8.
     82.  17679.    -78.     23.    -87.    277.      6.
     80.  17824.    -79.     23.    -88.    225.      8.
     79.  17909.    -79.     23.    -88.    219.     10.
     78.  17970.    -79.     23.    -88.    229.      1.
     77.  18075.    -78.     23.    -87.    246.      2.
     73.  18355.    -76.     20.    -86.    253.      1.
     70.  18605.    -73.     17.    -84.    240.      1.
     68.  18816.    -72.     14.    -85.    227.      4.
     65.  19022.    -69.     11.    -84.    251.      0.
     64.  19140.    -69.      9.    -85.    263.      2.
     62.  19330.    -68.      7.    -86.    259.      8.
     60.  19526.    -68.      5.    -87.    208.      9.
     55.  20093.    -66.      3.    -90.    281.      8.
     53.  20304.    -65.      2.    -91.    270.      7.
     51.  20455.    -64.      2.    -90.    288.      5.
     50.  20629.    -63.      2.    -90.    300.      5.
     49.  20754.    -63.      1.    -91.    269.      4.
     46.  21107.    -63.      1.    -92.    184.      7.
     45.  21294.    -62.      1.    -92.    179.     10.
     42.  21707.    -59.      1.    -90.    213.      8.
     40.  22055.    -59.      1.    -90.    194.      7.
     37.  22472.    -58.      1.    -90.    220.      9.
     36.  22760.    -56.      1.    -88.    199.      8.
     36.  22771.    -56.      1.    -88.    199.      8.
     35.  22899.    -57.      1.    -89.    209.      6.
     34.  23120.    -57.      1.    -89.    261.      5.
     33.  23286.    -58.      1.    -90.    285.      8.
     32.  23465.    -57.      1.    -89.    300.      6.
     30.  23831.    -56.      1.    -88.    262.      4.
     27.  24423.    -54.      1.    -86.    251.      6.
     26.  24662.    -54.      1.    -86.    278.      7.
     26.  24830.    -55.      1.    -87.    274.      9.
     25.  25097.    -53.      1.    -86.    299.      8.
     24.  25304.    -52.      1.    -85.    278.      7.
     24.  25361.    -51.      1.    -85.    281.      7.
     23.  25584.    -52.      1.    -85.    319.      5.
