   1017.     11.     21.     72.     16.     69.      2.
   1017.     18.     21.     76.     17.     87.      1.
   1006.    112.     20.     78.     16.     88.      5.
   1000.    159.     20.     80.     16.     86.      7.
    940.    689.     16.     94.     15.     63.      9.
    925.    827.     15.     97.     14.     67.      9.
    908.    986.     14.     99.     14.     77.      8.
    866.   1386.     12.    100.     12.     97.      5.
    850.   1539.     11.     95.     10.    108.      2.
    844.   1596.     11.     93.     10.     95.      2.
    812.   1922.     11.     87.      9.    327.      4.
    775.   2310.      8.     96.      8.    278.      5.
    749.   2592.      7.     94.      6.    260.      7.
    700.   3146.      4.     99.      4.    265.      9.
    607.   4300.     -2.     99.     -2.    278.      4.
    585.   4597.     -3.     68.     -8.    284.      9.
    581.   4647.     -3.     68.     -8.    284.      9.
    527.   5416.    -10.     90.    -12.    289.      0.
    511.   5644.    -12.     95.    -13.    280.      2.
    509.   5672.    -12.     92.    -13.    277.      2.
    507.   5710.     -8.     52.    -16.    274.      1.
    503.   5763.     -6.      4.    -42.    270.      1.
    500.   5815.     -5.      6.    -38.    269.      0.
    496.   5880.     -3.      7.    -34.    269.     10.
    486.   6047.     -3.      7.    -35.    276.      1.
    474.   6235.     -5.     17.    -27.    278.      1.
    457.   6524.     -7.     14.    -30.    269.     10.
    421.   7151.    -12.     18.    -32.    264.      4.
    412.   7313.    -13.     16.    -34.    255.      4.
    400.   7543.    -15.     14.    -37.    258.      3.
    379.   7946.    -18.     12.    -41.    271.      2.
    347.   8594.    -24.     12.    -46.    263.      0.
    342.   8711.    -25.     13.    -46.    271.      9.
    333.   8895.    -26.     13.    -47.    278.      1.
    311.   9386.    -29.      6.    -55.    290.      8.
    300.   9648.    -29.      4.    -60.    282.      5.
    265.  10514.    -37.      6.    -61.    272.      3.
    250.  10920.    -41.      7.    -63.    276.      6.
    225.  11637.    -47.     12.    -65.    277.      6.
    200.  12397.    -53.     10.    -71.    268.      0.
    193.  12630.    -55.     11.    -72.    270.      2.
    180.  13085.    -59.     17.    -73.    274.      0.
    150.  14190.    -67.     13.    -81.    265.      7.
    143.  14467.    -69.     15.    -82.    263.      8.
    140.  14614.    -71.     15.    -83.    260.      7.
    136.  14785.    -69.     13.    -83.    256.      6.
    130.  15047.    -71.     10.    -86.    247.      4.
    111.  15955.    -78.     11.    -91.    246.      2.
    100.  16546.    -81.     13.    -93.    275.      2.
    100.  16552.    -81.     13.    -93.    275.      2.
     95.  16816.    -83.     13.    -95.    276.      8.
     94.  16915.    -82.     13.    -94.    278.      6.
     88.  17244.    -80.     14.    -91.    265.      2.
     88.  17271.    -79.     14.    -91.    262.      1.
     86.  17418.    -79.     14.    -91.    245.      1.
     84.  17550.    -79.     14.    -91.    227.      1.
     83.  17616.    -80.     15.    -92.    226.      2.
     79.  17907.    -79.     15.    -91.    251.      7.
     77.  18066.    -77.     14.    -89.    265.      4.
     71.  18469.    -74.     10.    -88.    260.      3.
     70.  18582.    -71.      9.    -87.    243.      2.
     69.  18661.    -71.      8.    -88.    239.      2.
     68.  18762.    -72.      7.    -89.    249.      2.
     66.  18909.    -68.      5.    -88.    263.      0.
     66.  18921.    -68.      5.    -88.    264.     10.
     64.  19117.    -69.      4.    -91.    267.      8.
     60.  19496.    -66.      2.    -92.    254.      1.
     56.  19907.    -65.      1.    -94.    217.      7.
     56.  19964.    -64.      1.    -94.    220.      7.
     53.  20272.    -65.      1.    -95.    246.      9.
     52.  20375.    -65.      1.    -94.    259.      8.
     50.  20616.    -64.      1.    -94.    250.      5.
     50.  20644.    -64.      1.    -93.    254.      5.
     47.  20961.    -63.      1.    -93.    311.      6.
     40.  21950.    -61.      1.    -91.    261.      2.
     38.  22257.    -59.      1.    -90.    316.      5.
     37.  22475.    -58.      1.    -90.    330.      9.
