   1019.     11.     20.     79.     16.     63.      2.
   1017.     23.     20.     82.     17.     71.      1.
   1002.    154.     18.     87.     16.     99.      5.
   1000.    170.     18.     88.     16.     98.      5.
    975.    387.     16.     96.     16.     80.      8.
    960.    517.     16.     93.     15.     61.      8.
    932.    770.     14.     98.     14.     54.     10.
    925.    834.     14.     98.     14.     58.      0.
    912.    957.     13.    100.     13.     66.      1.
    890.   1155.     12.    100.     12.     67.      2.
    857.   1473.     11.    100.     11.     72.      8.
    850.   1544.     11.    100.     11.     80.      6.
    842.   1624.     10.    100.     10.     86.      5.
    816.   1888.     10.    100.     10.    163.      3.
    801.   2037.      9.     93.      8.    229.      5.
    781.   2251.      8.     91.      7.    245.      7.
    771.   2357.      9.    100.      9.    251.      8.
    762.   2449.      8.    100.      8.    251.      9.
    725.   2868.      6.     99.      5.    267.      8.
    700.   3149.      4.    100.      4.    261.      9.
    680.   3390.      3.    100.      3.    256.      8.
    640.   3873.      0.    100.      0.    266.      9.
    594.   4467.     -3.     63.     -9.    284.      6.
    580.   4658.     -4.     70.     -8.    279.      7.
    544.   5164.     -7.     83.    -10.    268.      8.
    508.   5690.    -12.     98.    -12.    272.      1.
    504.   5758.    -11.     74.    -15.    275.      3.
    503.   5769.    -11.     67.    -15.    276.      4.
    500.   5811.     -8.     21.    -26.    278.      5.
    500.   5820.     -7.     17.    -29.    278.      5.
    494.   5906.     -6.      7.    -37.    279.      3.
    491.   5954.     -5.      6.    -38.    278.      3.
    454.   6562.     -7.      4.    -43.    269.      4.
    429.   7007.    -11.      6.    -43.    270.      7.
    400.   7537.    -15.      5.    -46.    270.      4.
    367.   8178.    -20.      6.    -48.    264.      3.
    345.   8638.    -24.      7.    -51.    266.      5.
    326.   9056.    -27.     10.    -50.    282.      6.
    310.   9419.    -30.     16.    -48.    270.      7.
    300.   9642.    -31.     11.    -52.    260.      5.
    295.   9766.    -32.     12.    -52.    256.      6.
    282.  10078.    -34.      8.    -57.    260.      8.
    250.  10908.    -42.     21.    -56.    273.      9.
    238.  11238.    -45.     17.    -60.    275.      9.
    215.  11927.    -49.      9.    -68.    285.      1.
    211.  12051.    -49.     10.    -68.    285.      2.
    200.  12385.    -52.     11.    -69.    275.      9.
    187.  12806.    -56.     15.    -71.    263.      6.
    156.  13924.    -66.     27.    -76.    269.      8.
    150.  14177.    -67.     28.    -77.    263.      6.
    140.  14607.    -70.     25.    -80.    258.      7.
    128.  15106.    -73.     22.    -83.    273.      8.
    113.  15841.    -78.     19.    -88.    259.      6.
    100.  16529.    -81.     21.    -90.    275.      1.
    100.  16534.    -81.     21.    -90.    275.      1.
     98.  16659.    -81.     21.    -91.    270.      2.
     94.  16884.    -79.     21.    -89.    259.      9.
     91.  17096.    -78.     21.    -88.    233.      7.
     79.  17914.    -74.     19.    -85.    258.      6.
     77.  18012.    -75.     19.    -86.    262.      5.
     76.  18087.    -76.     18.    -86.    259.      4.
     74.  18224.    -75.     17.    -86.    250.      5.
     72.  18413.    -75.     16.    -86.    271.      6.
     72.  18452.    -73.     15.    -85.    275.      5.
     70.  18572.    -71.     14.    -84.    271.      3.
     70.  18583.    -71.     14.    -84.    271.      2.
     68.  18763.    -71.     11.    -85.    271.      0.
     66.  18967.    -70.      9.    -86.    229.      7.
     64.  19101.    -71.      8.    -88.    214.      8.
     64.  19129.    -71.      8.    -88.    212.      8.
     61.  19392.    -69.      6.    -88.    252.      2.
     60.  19551.    -67.      5.    -87.    256.      2.
     58.  19735.    -67.      4.    -88.    272.      1.
     54.  20111.    -67.      3.    -90.    273.      2.
     54.  20176.    -66.      3.    -90.    272.      1.
     51.  20510.    -63.      2.    -90.    244.      0.
     50.  20558.    -62.      2.    -89.    245.     10.
     50.  20607.    -62.      2.    -89.    248.      8.
     47.  21020.    -61.      1.    -90.    246.      6.
     45.  21220.    -61.      1.    -90.    250.      4.
     44.  21410.    -61.      1.    -90.    235.      3.
     43.  21614.    -61.      1.    -90.    219.      5.
     41.  21862.    -60.      1.    -90.    271.      5.
     40.  21943.    -60.      1.    -90.    267.      6.
     39.  22168.    -59.      1.    -89.    208.      7.
     38.  22324.    -59.      1.    -89.    196.      8.
     37.  22508.    -60.      1.    -90.    210.      8.
     35.  22781.    -56.      1.    -88.    251.      7.
     34.  22996.    -55.      1.    -87.    230.      0.
     33.  23126.    -54.      1.    -86.    242.      9.
     31.  23573.    -56.      1.    -87.    306.      9.
     31.  23593.    -56.      1.    -86.    309.      9.
     30.  23817.    -55.      1.    -87.    323.      8.
     30.  23858.    -54.      1.    -87.    327.      8.
     29.  24078.    -54.      1.    -87.    303.      8.
     28.  24263.    -54.      1.    -86.    315.      8.
     26.  24625.    -54.      1.    -86.    264.      8.
     26.  24761.    -54.      1.    -86.    260.      8.
     24.  25171.    -54.      1.    -85.    304.      9.
