   1022.     11.     17.     84.     15.     69.      3.
   1020.     26.     17.     88.     15.    108.      3.
   1016.     64.     17.     88.     15.    113.      5.
   1000.    196.     16.     90.     14.     88.     10.
    992.    267.     15.     93.     14.     81.      1.
    954.    596.     13.     92.     12.     64.      5.
    925.    855.     12.     97.     11.     58.      4.
    909.   1002.     11.    100.     11.     57.      4.
    880.   1271.      9.     99.      9.     61.      4.
    850.   1558.      8.    100.      8.     71.      3.
    809.   1969.      6.    100.      6.     91.      3.
    776.   2313.      5.     99.      5.    125.      3.
    711.   3022.      4.     99.      4.    209.      9.
    700.   3149.      3.     99.      3.    226.      9.
    697.   3190.      3.     99.      3.    232.     10.
    682.   3357.      3.    100.      3.    235.      2.
    634.   3943.     -1.     98.     -1.    246.      5.
    608.   4277.     -3.     99.     -3.    239.      5.
    600.   4383.     -3.     96.     -4.    238.      4.
    570.   4789.     -5.     72.    -10.    272.      3.
    568.   4827.     -6.     68.    -11.    273.      3.
    514.   5602.    -11.     87.    -13.    280.      6.
    504.   5746.    -12.     85.    -14.    271.      9.
    503.   5756.    -12.     86.    -14.    270.      9.
    500.   5807.    -12.     85.    -14.    268.      0.
    499.   5821.    -12.     84.    -14.    267.      0.
    493.   5920.    -11.     73.    -15.    269.      4.
    490.   5963.     -9.     37.    -21.    272.      5.
    489.   5986.     -6.     12.    -31.    273.      6.
    485.   6037.     -5.      2.    -49.    274.      7.
    400.   7526.    -16.      6.    -46.    273.      9.
    384.   7841.    -18.      9.    -43.    270.      1.
    383.   7862.    -18.      9.    -43.    269.      1.
    354.   8429.    -23.     10.    -46.    264.      9.
    331.   8929.    -28.     13.    -48.    267.      0.
    300.   9624.    -32.     11.    -53.    272.      5.
    295.   9734.    -33.     14.    -51.    269.      7.
    286.   9957.    -34.     11.    -55.    260.      5.
    271.  10331.    -36.      6.    -60.    258.      3.
    258.  10674.    -38.      6.    -62.    264.      5.
    250.  10893.    -40.      6.    -64.    263.      5.
    211.  12019.    -49.      7.    -71.    271.      3.
    200.  12362.    -52.      6.    -73.    257.      2.
    200.  12375.    -52.      7.    -73.    256.      2.
    191.  12683.    -55.      9.    -73.    250.      1.
    163.  13668.    -64.     22.    -75.    249.      2.
    150.  14169.    -67.     17.    -79.    260.      2.
    126.  15192.    -75.     22.    -84.    254.      1.
    114.  15772.    -77.     19.    -88.    268.      9.
    112.  15877.    -78.     19.    -89.    264.      8.
    104.  16315.    -77.     16.    -88.    246.      6.
    100.  16528.    -78.     14.    -90.    253.      7.
     96.  16744.    -79.     13.    -91.    272.      4.
     89.  17195.    -79.     11.    -92.    259.      3.
     81.  17707.    -79.     11.    -92.    279.      8.
     81.  17753.    -79.     12.    -92.    279.      8.
     78.  17945.    -75.     12.    -89.    267.      8.
     71.  18486.    -73.      8.    -89.    277.      9.
     70.  18582.    -71.      7.    -88.    265.     10.
     69.  18680.    -70.      6.    -89.    254.      2.
     66.  18980.    -67.      3.    -89.    283.      2.
     65.  19020.    -67.      3.    -90.    286.      1.
     64.  19158.    -67.      2.    -91.    275.      9.
     62.  19310.    -67.      2.    -92.    245.      7.
     60.  19533.    -66.      2.    -93.    203.     10.
     60.  19552.    -67.      2.    -93.    200.      0.
     58.  19730.    -67.      2.    -94.    200.      2.
     56.  19897.    -66.      1.    -94.    220.      3.
     51.  20555.    -64.      1.    -93.    281.      0.
     50.  20620.    -63.      1.    -93.    279.      9.
     48.  20819.    -64.      1.    -94.    252.      7.
     46.  21135.    -63.      1.    -93.    275.     10.
     44.  21477.    -62.      1.    -92.    245.      8.
     41.  21821.    -60.      1.    -91.    264.      6.
     40.  22016.    -59.      1.    -90.    352.      5.
     39.  22089.    -59.      1.    -90.      9.      5.
     38.  22355.    -60.      1.    -91.    299.      7.
     35.  22883.    -58.      1.    -90.    338.      5.
     34.  23095.    -58.      1.    -89.    326.      5.
     33.  23242.    -59.      1.    -90.    302.      7.
     32.  23434.    -57.      1.    -89.    316.      5.
     30.  23812.    -54.      1.    -87.    230.      3.
     26.  24816.    -52.      1.    -85.     19.      1.
     25.  24975.    -51.      1.    -85.    123.      2.
     21.  26257.    -55.      1.    -87.    182.      4.
