   1022.     11.     18.     76.     14.     67.      2.
   1020.     23.     18.     79.     14.     79.      2.
   1011.     98.     17.     82.     14.     91.      5.
   1000.    193.     16.     84.     14.     86.      8.
    925.    852.     12.     89.     10.     62.      6.
    924.    863.     12.     89.     10.     62.      6.
    900.   1079.     10.     98.     10.     72.      5.
    850.   1555.      8.    100.      8.    101.      5.
    842.   1636.      8.     99.      8.    106.      4.
    810.   1959.      7.     95.      7.    139.     10.
    808.   1971.      7.     96.      7.    141.     10.
    800.   2057.      8.     95.      7.    157.      8.
    781.   2253.      7.    100.      7.    182.      6.
    770.   2377.      7.    100.      7.    208.      5.
    761.   2469.      7.    100.      7.    233.      6.
    746.   2635.      6.    100.      6.    247.      9.
    737.   2736.      6.    100.      6.    255.      1.
    700.   3152.      3.     99.      3.    250.      2.
    652.   3727.     -1.     99.     -1.    240.      4.
    643.   3836.     -2.     99.     -2.    246.      4.
    604.   4333.     -5.     74.     -9.    245.      7.
    590.   4522.     -6.     98.     -7.    248.      9.
    584.   4598.     -7.     78.    -10.    249.      9.
    564.   4863.     -9.     82.    -11.    248.      9.
    549.   5081.    -10.     70.    -14.    251.     10.
    547.   5104.     -9.     66.    -15.    251.     10.
    532.   5316.    -10.     48.    -19.    253.      8.
    523.   5450.     -9.     31.    -23.    251.      8.
    502.   5774.     -6.     10.    -33.    263.      2.
    500.   5801.     -7.     13.    -30.    262.      2.
    416.   7221.    -15.     22.    -32.    273.      4.
    412.   7282.    -15.     21.    -33.    273.      5.
    400.   7512.    -16.     14.    -37.    268.      3.
    396.   7588.    -16.     11.    -40.    267.      4.
    363.   8244.    -21.      3.    -56.    266.      1.
    353.   8434.    -23.      3.    -56.    263.      3.
    311.   9357.    -30.     11.    -51.    262.      1.
    300.   9614.    -32.     10.    -53.    263.      6.
    295.   9736.    -33.     14.    -51.    262.      8.
    286.   9946.    -35.     17.    -51.    264.      6.
    263.  10535.    -38.     10.    -58.    252.      6.
    250.  10878.    -41.     11.    -61.    250.      5.
    245.  11024.    -42.      9.    -63.    245.      6.
    200.  12354.    -54.     18.    -67.    252.      6.
    170.  13379.    -63.     30.    -71.    250.      5.
    163.  13657.    -65.     34.    -73.    257.      5.
    161.  13723.    -65.     36.    -73.    255.      4.
    150.  14141.    -67.     32.    -75.    247.      4.
    142.  14456.    -69.     29.    -78.    243.      4.
    136.  14749.    -71.     29.    -80.    257.      4.
    123.  15298.    -75.     29.    -83.    257.      4.
    101.  16460.    -81.     26.    -89.    264.      3.
    100.  16498.    -81.     26.    -89.    265.      2.
     96.  16732.    -81.     26.    -89.    265.      8.
     92.  16970.    -76.     24.    -85.    265.      3.
     85.  17406.    -75.     21.    -85.    255.      1.
     81.  17735.    -71.     17.    -83.    263.      5.
     80.  17807.    -70.     16.    -82.    255.      3.
     79.  17888.    -69.     14.    -82.    240.      4.
     78.  17934.    -70.     14.    -83.    235.      5.
     76.  18103.    -71.     11.    -85.    240.      6.
     73.  18358.    -73.     10.    -88.    218.      8.
     70.  18576.    -70.      9.    -86.    241.      6.
     67.  18829.    -71.      7.    -88.    252.      3.
     63.  19182.    -70.      6.    -89.    237.      4.
     63.  19233.    -69.      5.    -88.    237.      6.
     62.  19305.    -67.      5.    -87.    244.      7.
     58.  19668.    -64.      3.    -88.    278.      5.
     54.  20190.    -62.      1.    -92.    299.      0.
     53.  20292.    -62.      1.    -92.    285.      7.
     52.  20372.    -62.      1.    -92.    258.      5.
     51.  20469.    -62.      1.    -92.    213.      5.
     50.  20619.    -63.      1.    -93.    195.      8.
     50.  20627.    -63.      1.    -93.    194.      8.
     48.  20825.    -63.      1.    -93.    197.      9.
     47.  21031.    -65.      1.    -94.    222.      5.
     46.  21196.    -65.      1.    -94.    216.      3.
     45.  21286.    -65.      1.    -94.    209.      4.
     44.  21385.    -65.      1.    -94.    207.      5.
     42.  21629.    -63.      1.    -93.    247.      7.
     41.  21849.    -61.      1.    -92.    252.      6.
     40.  21982.    -60.      1.    -91.    236.      8.
     39.  22125.    -59.      1.    -90.    211.      5.
     38.  22328.    -58.      1.    -90.    292.      1.
     35.  22868.    -58.      1.    -90.    243.      7.
     34.  23040.    -58.      1.    -89.    267.      6.
     33.  23196.    -58.      1.    -90.    294.      7.
     33.  23289.    -58.      1.    -90.    305.      7.
     32.  23358.    -58.      1.    -89.    303.      5.
     32.  23477.    -57.      1.    -89.    262.      6.
     31.  23560.    -56.      1.    -88.    256.      7.
     30.  23804.    -54.      1.    -87.    276.      7.
     30.  23890.    -53.      1.    -86.    288.      5.
     29.  24020.    -52.      1.    -85.    290.      4.
     28.  24263.    -53.      1.    -86.    299.      6.
     27.  24388.    -53.      1.    -86.    296.      5.
     26.  24699.    -53.      1.    -86.    247.      5.
     25.  25001.    -53.      1.    -86.    277.      7.
     24.  25204.    -55.      1.    -87.    277.      8.
