   1021.     11.     19.     76.     14.     63.      3.
   1019.     23.     19.     79.     15.     63.      3.
   1000.    187.     17.     84.     14.     76.      9.
    970.    449.     15.     93.     14.     86.      0.
    955.    577.     14.     98.     14.     86.      1.
    925.    847.     12.     99.     12.     85.      4.
    908.   1002.     12.     99.     12.     85.      5.
    850.   1554.     10.     95.      9.    123.      3.
    839.   1662.      9.     95.      8.    130.      2.
    832.   1735.      9.     90.      8.    136.      0.
    828.   1773.      9.     86.      7.    141.     10.
    799.   2064.      9.     84.      6.    184.      5.
    785.   2218.      8.     88.      6.    211.      6.
    758.   2509.      7.     88.      5.    234.      8.
    738.   2720.      5.     93.      4.    245.      8.
    717.   2955.      4.     82.      2.    233.      1.
    700.   3154.      3.     85.      1.    239.      2.
    682.   3369.      1.     87.     -1.    250.      2.
    639.   3883.     -1.     58.     -8.    258.      2.
    626.   4051.     -2.     60.     -9.    263.      1.
    592.   4492.     -5.     63.    -11.    249.      5.
    540.   5211.    -10.     65.    -15.    262.      6.
    536.   5260.    -10.     60.    -16.    263.      7.
    519.   5519.    -12.     54.    -19.    264.      6.
    514.   5589.    -12.     49.    -20.    262.      7.
    506.   5702.    -12.     29.    -26.    261.      2.
    500.   5799.    -11.     17.    -31.    260.      6.
    494.   5887.    -10.      8.    -39.    258.      8.
    484.   6055.    -11.      3.    -48.    258.      1.
    436.   6858.    -12.      2.    -53.    261.      3.
    400.   7502.    -18.      3.    -52.    259.      3.
    337.   8773.    -27.     12.    -48.    266.      7.
    319.   9156.    -31.      6.    -56.    254.      6.
    300.   9587.    -35.     20.    -50.    253.      7.
    298.   9638.    -35.     21.    -50.    252.      6.
    291.   9809.    -36.     27.    -49.    256.     10.
    282.  10023.    -37.     16.    -54.    258.      3.
    281.  10033.    -37.     16.    -54.    258.      3.
    273.  10252.    -36.      4.    -64.    247.      2.
    250.  10847.    -41.      4.    -68.    245.      7.
    250.  10850.    -41.      4.    -68.    245.      7.
    205.  12155.    -52.      8.    -72.    260.     10.
    200.  12321.    -53.      9.    -72.    256.      0.
    164.  13553.    -65.     26.    -75.    243.      9.
    153.  14004.    -67.     25.    -76.    243.      3.
    150.  14107.    -66.     22.    -77.    247.      1.
    134.  14800.    -71.     14.    -84.    262.      9.
    115.  15657.    -77.     15.    -89.    253.      7.
    113.  15769.    -76.     14.    -89.    253.      8.
    100.  16481.    -76.     11.    -90.    266.      0.
     94.  16869.    -78.     10.    -92.    253.      3.
     89.  17156.    -76.     10.    -90.    233.      6.
     85.  17440.    -76.     10.    -91.    247.      5.
     84.  17510.    -75.      9.    -90.    251.      5.
     79.  17878.    -69.      7.    -87.    238.      1.
     76.  18040.    -70.      6.    -89.    238.      2.
     74.  18251.    -69.      4.    -89.    255.      0.
     71.  18510.    -70.      4.    -91.    264.      6.
     70.  18529.    -70.      3.    -91.    264.      6.
     70.  18565.    -70.      3.    -91.    263.      6.
     65.  18970.    -68.      2.    -92.    249.      8.
     63.  19225.    -65.      2.    -92.    275.      5.
     60.  19507.    -64.      1.    -94.    259.      2.
     58.  19751.    -65.      1.    -94.    267.      1.
     54.  20098.    -66.      1.    -95.    225.      0.
     51.  20517.    -64.      1.    -94.    228.      9.
     50.  20608.    -64.      1.    -94.    242.      9.
     49.  20689.    -63.      1.    -93.    257.     10.
     48.  20811.    -62.      1.    -93.    253.      7.
     47.  20955.    -62.      1.    -93.    225.      5.
     45.  21326.    -62.      1.    -93.    241.      7.
     43.  21514.    -62.      1.    -92.    295.      5.
     43.  21524.    -62.      1.    -92.    297.      5.
     43.  21564.    -62.      1.    -92.    301.      5.
     40.  21993.    -57.      1.    -89.      1.      2.
     39.  22127.    -57.      1.    -89.      0.      0.
     38.  22352.    -58.      1.    -90.    176.      5.
     37.  22433.    -59.      1.    -90.    189.      6.
     37.  22507.    -59.      1.    -90.    198.      5.
     36.  22700.    -60.      1.    -91.    261.      2.
     35.  22882.    -59.      1.    -90.    341.      5.
     30.  23801.    -57.      1.    -89.    309.      2.
     30.  23862.    -56.      1.    -88.    326.      1.
     29.  24096.    -55.      1.    -87.     14.      7.
     26.  24852.    -55.      1.    -87.      9.      2.
     23.  25446.    -53.      1.    -86.     73.     10.
     23.  25497.    -53.      1.    -86.     80.     10.
     22.  25926.    -55.      1.    -87.    129.      7.
     21.  26147.    -55.      1.    -87.    139.      9.
     20.  26330.    -54.      1.    -87.    160.      8.
     20.  26400.    -54.      1.    -86.    161.      8.
     19.  26888.    -52.      1.    -85.    162.      7.
     17.  27317.    -50.      1.    -84.    219.      5.
     16.  27754.    -48.      1.    -83.     13.      1.
     15.  28200.    -48.      1.    -83.     32.      6.
     15.  28397.    -48.      1.    -82.     56.      9.
     15.  28522.    -49.      1.    -83.     67.      9.
     14.  28816.    -51.      1.    -84.     86.      6.
     14.  28883.    -51.      1.    -84.     99.      5.
