   1021.     11.     19.     76.     14.     64.      3.
   1020.     20.     19.     80.     15.     61.      3.
   1004.    160.     18.     80.     14.     77.      2.
   1000.    190.     18.     80.     14.     77.      2.
    947.    653.     14.     95.     13.     80.      6.
    934.    766.     13.     94.     12.     82.      8.
    925.    851.     13.     96.     12.     81.      7.
    877.   1298.     10.     99.     10.     92.      6.
    850.   1558.     10.     99.     10.    112.      5.
    844.   1617.      9.     99.      9.    116.      5.
    840.   1661.      9.     99.      9.    121.      4.
    835.   1706.      9.     94.      8.    124.      2.
    820.   1857.     12.     71.      7.    126.      6.
    818.   1874.     12.     71.      6.    126.      5.
    787.   2200.     10.     69.      4.      0.      0.
    761.   2483.      8.     61.      1.    294.      5.
    752.   2582.      8.     59.      1.    295.      8.
    740.   2707.      8.     64.      2.    257.      0.
    739.   2718.      8.     65.      2.    252.      1.
    706.   3096.      4.     78.      1.    243.      5.
    700.   3165.      4.     79.      1.    239.      5.
    665.   3581.      1.     94.      0.    225.      5.
    646.   3814.     -1.     99.     -1.    233.      7.
    612.   4244.     -4.     84.     -7.    239.      0.
    602.   4371.     -4.     71.     -9.    237.      1.
    591.   4518.     -5.     61.    -11.    239.     10.
    557.   4979.     -8.     98.     -8.    234.      2.
    556.   4992.     -8.     98.     -8.    234.      2.
    531.   5348.    -10.     89.    -11.    248.      4.
    505.   5742.    -11.      3.    -47.    247.      9.
    500.   5816.    -12.      5.    -44.    248.      1.
    481.   6114.    -13.     14.    -35.    248.     10.
    458.   6485.    -15.     21.    -33.    264.      1.
    454.   6556.    -16.     22.    -33.    265.      3.
    445.   6704.    -14.      1.    -57.    265.      9.
    444.   6727.    -14.      1.    -58.    264.      9.
    400.   7502.    -20.      3.    -54.    261.      1.
    344.   8609.    -29.      4.    -59.    263.      3.
    341.   8659.    -29.      4.    -60.    264.      3.
    319.   9141.    -32.      8.    -55.    269.      5.
    308.   9390.    -33.     11.    -54.    265.      7.
    300.   9569.    -35.     10.    -55.    263.      7.
    286.   9897.    -37.      9.    -58.    257.      0.
    266.  10411.    -40.      8.    -62.    256.      8.
    250.  10822.    -42.      3.    -70.    254.      6.
    250.  10826.    -42.      3.    -70.    254.      6.
    238.  11146.    -44.      3.    -72.    251.      4.
    200.  12297.    -53.      8.    -73.    243.      0.
    197.  12411.    -54.      9.    -73.    241.     10.
    171.  13301.    -63.     26.    -73.    243.      1.
    163.  13564.    -64.     29.    -73.    247.      2.
    158.  13775.    -66.     32.    -74.    252.      2.
    154.  13944.    -67.     30.    -75.    258.      1.
    150.  14084.    -66.     23.    -76.    257.      9.
    146.  14255.    -66.     17.    -79.    255.      7.
    130.  14942.    -72.     15.    -84.    250.      3.
    130.  14964.    -72.     15.    -84.    250.      3.
    129.  15008.    -71.     15.    -84.    251.      3.
    114.  15695.    -74.     14.    -87.    266.      9.
    107.  16110.    -77.     15.    -89.    258.      5.
    100.  16473.    -73.     15.    -86.    244.      8.
     90.  17111.    -76.     12.    -90.    246.      1.
     86.  17346.    -77.     13.    -90.    258.      0.
     84.  17476.    -76.     13.    -89.    265.     10.
     77.  18000.    -73.     13.    -86.    247.      7.
     74.  18256.    -71.     10.    -86.    238.      1.
     70.  18553.    -67.      7.    -85.    258.      8.
     67.  18836.    -67.      4.    -88.    264.      7.
     64.  19073.    -65.      3.    -88.    224.      1.
     64.  19121.    -64.      2.    -89.    214.      1.
     64.  19129.    -64.      2.    -89.    212.      1.
     59.  19548.    -65.      2.    -92.    243.      3.
     57.  19811.    -64.      1.    -93.    223.      4.
     54.  20194.    -63.      1.    -93.    271.      2.
     51.  20437.    -63.      1.    -93.    269.      3.
     50.  20609.    -64.      1.    -94.    287.      3.
     49.  20717.    -63.      1.    -93.    299.      3.
     48.  20891.    -64.      1.    -93.    300.      8.
     47.  20990.    -62.      1.    -92.    301.      7.
     47.  21062.    -61.      1.    -92.    315.      5.
     46.  21092.    -60.      1.    -91.    321.      4.
     45.  21250.    -61.      1.    -91.      0.      0.
     43.  21504.    -62.      1.    -93.    214.      5.
     42.  21632.    -63.      1.    -93.    234.      8.
     42.  21642.    -63.      1.    -93.    236.      8.
     41.  21786.    -62.      1.    -92.    255.      5.
     39.  22189.    -61.      1.    -92.    271.      5.
     37.  22523.    -57.      1.    -89.      0.      0.
     37.  22546.    -57.      1.    -88.      0.      0.
     35.  22867.    -58.      1.    -90.    160.      8.
     32.  23380.    -59.      1.    -90.    342.      3.
     30.  23799.    -56.      1.    -88.    356.      2.
     30.  23894.    -56.      1.    -88.    289.      1.
     24.  25157.    -54.      1.    -86.    266.      4.
