   1021.     11.     20.     80.     16.     59.      2.
   1020.     22.     20.     81.     17.     75.      3.
   1004.    160.     19.     81.     16.     80.      7.
   1000.    190.     19.     81.     16.     81.      8.
    934.    779.     16.     86.     13.     90.      5.
    925.    857.     15.     87.     13.     92.      5.
    902.   1075.     14.     89.     12.     98.      5.
    850.   1570.     12.     87.     10.    103.      3.
    832.   1752.     11.     86.      9.    112.      2.
    711.   3052.      4.     98.      4.    133.      3.
    700.   3175.      3.     98.      3.    134.      2.
    664.   3602.      1.     98.      1.    146.      7.
    610.   4278.     -2.     96.     -3.    181.      8.
    582.   4653.     -4.     97.     -5.    179.      8.
    560.   4955.     -6.     96.     -7.    198.      8.
    542.   5214.     -7.     96.     -8.    220.      2.
    507.   5729.    -10.     91.    -11.    222.      4.
    503.   5792.    -11.     93.    -11.    223.      5.
    500.   5837.    -11.     92.    -12.    225.      6.
    442.   6771.    -17.     90.    -19.    258.      9.
    435.   6890.    -19.     78.    -22.    263.      1.
    428.   7021.    -21.     18.    -39.    267.      4.
    424.   7081.    -21.     18.    -40.    269.      5.
    415.   7245.    -22.     13.    -43.    266.      5.
    400.   7510.    -23.     14.    -44.    263.      7.
    383.   7833.    -26.     11.    -48.    262.      7.
    329.   8908.    -32.     12.    -52.    278.      7.
    300.   9563.    -36.     14.    -54.    270.      3.
    287.   9865.    -37.     19.    -52.    269.      6.
    283.   9973.    -38.     17.    -54.    271.      8.
    250.  10811.    -43.      8.    -64.    257.      3.
    247.  10903.    -43.      8.    -65.    255.      2.
    219.  11705.    -47.      5.    -71.    243.      5.
    216.  11799.    -48.      6.    -71.    246.      6.
    200.  12288.    -53.      8.    -73.    246.      9.
    171.  13274.    -62.     15.    -75.    248.      1.
    159.  13716.    -66.     19.    -77.    252.      8.
    154.  13926.    -67.     20.    -78.    263.      9.
    150.  14076.    -67.     19.    -79.    263.      8.
    144.  14323.    -68.     16.    -81.    259.      5.
    141.  14460.    -66.     14.    -80.    259.      3.
    122.  15332.    -74.     13.    -87.    255.      3.
    115.  15667.    -76.     14.    -88.    269.      2.
    101.  16415.    -80.     18.    -91.    253.      9.
    100.  16446.    -80.     18.    -91.    254.      9.
    100.  16452.    -80.     18.    -91.    254.      9.
     97.  16617.    -80.     18.    -90.    257.      2.
     90.  17050.    -78.     16.    -89.    271.      9.
     86.  17292.    -72.     15.    -85.    286.      1.
     85.  17417.    -73.     14.    -86.    282.      9.
     79.  17792.    -75.     12.    -88.    282.      1.
     79.  17800.    -75.     12.    -88.    282.      1.
     76.  18052.    -69.     11.    -84.    283.      9.
     75.  18129.    -68.     10.    -83.    272.      7.
     73.  18303.    -65.      8.    -82.    264.      5.
     70.  18529.    -66.      6.    -85.    249.      4.
     70.  18535.    -66.      6.    -85.    249.      4.
     67.  18771.    -68.      6.    -86.    235.      6.
     67.  18836.    -69.      6.    -87.    235.      7.
     64.  19082.    -65.      5.    -85.    232.      8.
     63.  19204.    -63.      5.    -83.    237.      6.
     60.  19498.    -63.      4.    -85.    269.     10.
     58.  19650.    -64.      5.    -85.    249.      7.
     54.  20085.    -66.      5.    -87.    270.      2.
     54.  20104.    -66.      4.    -87.    271.      2.
     53.  20289.    -65.      5.    -86.    286.      0.
     50.  20587.    -64.      4.    -85.    285.      8.
     50.  20653.    -62.      4.    -84.    288.      5.
     49.  20726.    -62.      4.    -84.    268.      4.
     48.  20904.    -63.      5.    -84.    242.      5.
     45.  21238.    -63.      4.    -85.    284.      6.
     44.  21363.    -63.      4.    -85.    279.      6.
     43.  21589.    -63.      4.    -85.    302.      6.
     39.  22175.    -59.      4.    -82.    144.      5.
     37.  22445.    -58.      6.    -79.    154.      5.
     35.  22734.    -58.      5.    -80.    316.      5.
