   1015.     11.     23.     92.     21.    336.      1.
   1014.     21.     23.     92.     21.    352.      2.
   1000.    140.     22.     94.     21.    349.      5.
    967.    428.     20.    100.     20.      3.      8.
    966.    438.     20.    100.     20.      4.      8.
    925.    815.     19.    100.     19.     34.      4.
    850.   1539.     15.    100.     15.    111.      3.
    839.   1650.     15.    100.     15.     82.      5.
    819.   1852.     14.    100.     14.     86.      6.
    800.   2050.     13.    100.     13.     68.      6.
    795.   2110.     13.    100.     13.     80.      5.
    752.   2577.     11.     99.     11.      0.      0.
    702.   3152.      8.     99.      8.    233.      5.
    700.   3170.      8.     98.      8.    229.      6.
    695.   3232.      8.     93.      7.    222.      7.
    669.   3549.      6.     89.      4.    256.     10.
    666.   3582.      7.     58.     -1.    260.      0.
    662.   3633.      7.     55.     -1.    264.      1.
    651.   3762.      6.     54.     -2.    272.      2.
    583.   4657.     -1.     72.     -6.    269.      1.
    576.   4754.     -2.     75.     -6.    264.      1.
    561.   4964.     -4.     77.     -7.    251.      1.
    546.   5185.     -4.     60.    -11.    259.      4.
    534.   5351.     -3.     22.    -22.    265.      7.
    526.   5484.     -3.     18.    -24.    266.      8.
    518.   5595.     -3.     18.    -24.    265.      7.
    505.   5795.     -5.     23.    -23.    273.      5.
    500.   5875.     -6.     26.    -22.    274.      5.
    491.   6015.     -7.     40.    -18.    272.      7.
    459.   6550.    -10.     30.    -24.    263.      8.
    455.   6614.    -11.     32.    -24.    264.      9.
    444.   6806.    -10.     12.    -34.    268.      1.
    409.   7423.    -11.      5.    -45.    267.     10.
    405.   7499.    -12.      7.    -41.    266.      9.
    400.   7598.    -13.      8.    -41.    269.      9.
    344.   8715.    -23.     17.    -41.    299.      2.
    313.   9415.    -29.     15.    -48.    293.      4.
    306.   9566.    -30.     14.    -49.    293.      6.
    300.   9711.    -31.     14.    -50.    288.      4.
    279.  10224.    -34.      6.    -59.    281.      0.
    250.  10981.    -40.      7.    -63.    268.      4.
    224.  11725.    -47.      8.    -68.    257.      1.
    209.  12174.    -50.      9.    -70.    243.      1.
    200.  12462.    -52.      8.    -72.    257.      2.
    186.  12925.    -56.      8.    -75.    275.     10.
    163.  13745.    -63.     15.    -77.    285.      9.
    157.  13974.    -65.     16.    -78.    278.      8.
    150.  14260.    -67.     19.    -79.    268.      7.
    134.  14949.    -70.     14.    -83.    230.      9.
    103.  16482.    -80.     18.    -91.    260.      4.
    100.  16625.    -79.     18.    -90.    262.      6.
    100.  16629.    -79.     18.    -90.    262.      6.
     94.  16982.    -78.     17.    -88.    274.      5.
     90.  17208.    -76.     15.    -88.    249.      6.
     89.  17329.    -75.     15.    -88.    257.      5.
     85.  17589.    -77.     13.    -90.    291.      7.
     82.  17764.    -78.     13.    -90.    312.      5.
     79.  18013.    -77.     13.    -90.    288.      7.
     76.  18191.    -76.     12.    -89.    322.      2.
     72.  18512.    -78.     12.    -91.    288.      5.
     72.  18554.    -78.     11.    -91.    292.      6.
     70.  18675.    -77.     11.    -90.    309.      7.
     69.  18777.    -75.     10.    -89.    311.      5.
     68.  18868.    -70.      9.    -85.      0.      0.
     62.  19376.    -70.      4.    -91.    232.      2.
     56.  19980.    -69.      2.    -93.    237.      5.
     55.  20084.    -69.      2.    -93.    254.      5.
     52.  20444.    -67.      1.    -94.    215.      5.
     51.  20584.    -66.      1.    -94.    225.      5.
     50.  20683.    -66.      1.    -94.    233.      2.
     45.  21307.    -63.      1.    -93.    142.      5.
     43.  21556.    -63.      1.    -93.    194.      5.
     39.  22270.    -61.      1.    -92.    246.      1.
     32.  23378.    -54.      1.    -87.     66.      3.
     30.  23875.    -56.      1.    -88.    138.      4.
     30.  23911.    -56.      1.    -88.    132.      3.
     28.  24360.    -52.      1.    -85.     94.      4.
