   1019.     11.     22.     71.     16.     62.      2.
   1018.     24.     22.     74.     17.     59.      3.
   1000.    174.     21.     77.     16.     74.      8.
    966.    469.     19.     76.     15.    110.      0.
    956.    565.     18.     77.     14.    116.      9.
    941.    702.     18.     71.     13.    147.      8.
    935.    756.     19.     67.     13.    142.      7.
    925.    846.     18.     68.     12.    126.      8.
    909.    999.     17.     72.     12.    114.      6.
    885.   1228.     16.     74.     11.     28.      2.
    878.   1294.     16.     71.     10.    306.      3.
    850.   1565.     14.     73.      9.    208.      1.
    846.   1601.     13.     74.      9.    142.      1.
    770.   2385.      7.     98.      7.    271.      2.
    728.   2854.      5.    100.      5.    180.      5.
    700.   3170.      4.    100.      4.    168.      9.
    684.   3359.      3.    100.      3.    165.     10.
    630.   4017.     -1.    100.     -1.    165.      2.
    595.   4477.     -3.     99.     -3.    200.      6.
    590.   4549.     -3.     96.     -3.    204.      6.
    566.   4878.     -5.     98.     -5.    214.      4.
    531.   5366.     -8.     94.     -9.    232.      2.
    529.   5407.     -8.     94.     -9.    235.      2.
    500.   5836.    -11.     55.    -18.    249.      8.
    494.   5925.    -11.     37.    -23.    254.      9.
    489.   6010.    -11.     14.    -33.    258.      0.
    479.   6162.    -11.      8.    -38.    259.      3.
    479.   6170.    -11.     10.    -37.    259.      3.
    438.   6852.    -13.      4.    -47.    275.      5.
    409.   7362.    -18.      6.    -47.    284.      6.
    400.   7532.    -19.      5.    -50.    280.      8.
    366.   8196.    -25.      6.    -52.    274.      1.
    349.   8528.    -27.      9.    -51.    270.      5.
    303.   9542.    -35.     22.    -49.    279.      2.
    300.   9603.    -35.     22.    -49.    280.      3.
    287.   9916.    -37.     21.    -51.    281.      5.
    258.  10650.    -43.     14.    -60.    267.      0.
    250.  10850.    -44.     13.    -62.    261.      1.
    248.  10916.    -45.     13.    -62.    259.      1.
    225.  11545.    -49.     13.    -65.    247.      4.
    200.  12317.    -54.     16.    -69.    248.      8.
    193.  12553.    -56.     17.    -70.    251.      9.
    174.  13195.    -62.     28.    -71.    258.      8.
    159.  13745.    -64.     24.    -75.    269.      3.
    150.  14104.    -65.     16.    -78.    262.      9.
    144.  14375.    -66.     12.    -80.    261.      6.
    131.  14921.    -69.     10.    -84.    254.      4.
    120.  15459.    -71.     10.    -86.    268.      1.
    100.  16503.    -78.     12.    -91.    268.      1.
    100.  16506.    -78.     12.    -91.    268.      1.
     92.  16957.    -81.     14.    -92.    270.      2.
     92.  17006.    -81.     14.    -93.    272.      2.
     88.  17258.    -81.     15.    -92.    284.      5.
     82.  17609.    -76.     16.    -88.    302.      1.
     80.  17802.    -77.     16.    -88.    291.      5.
     78.  17915.    -73.     15.    -85.    276.      2.
     74.  18208.    -75.     14.    -87.    268.      3.
     72.  18414.    -72.     13.    -86.    263.      4.
     70.  18558.    -67.     11.    -82.    266.      1.
     65.  18971.    -61.      5.    -83.    277.      5.
     65.  18992.    -61.      4.    -83.    277.      5.
     63.  19190.    -61.      3.    -86.    264.     10.
     62.  19292.    -62.      2.    -87.    245.      8.
     60.  19480.    -63.      2.    -89.    211.      7.
     59.  19615.    -63.      2.    -90.    202.      9.
     54.  20165.    -65.      2.    -92.    262.      4.
     52.  20427.    -66.      2.    -93.    235.      8.
     51.  20502.    -66.      2.    -93.    238.      8.
     50.  20621.    -65.      2.    -92.    243.      6.
     49.  20766.    -65.      1.    -92.    210.      7.
     46.  21168.    -61.      1.    -91.    251.      6.
     40.  21971.    -59.      1.    -90.     60.      3.
     39.  22133.    -60.      1.    -91.     98.      5.
     38.  22327.    -60.      1.    -91.    103.      5.
     36.  22678.    -60.      1.    -91.     76.      3.
