   1018.     11.     18.     89.     17.      0.      0.
   1017.     21.     19.     87.     16.    290.      1.
   1000.    168.     19.     90.     17.     81.      2.
    988.    271.     19.     86.     17.     98.      5.
    967.    458.     18.     99.     18.     76.      9.
    962.    500.     18.     98.     18.     73.      9.
    929.    799.     17.     91.     15.     83.      9.
    925.    837.     16.     92.     15.     85.      9.
    908.    993.     15.     90.     14.     99.      6.
    860.   1454.     13.     79.     10.     88.      6.
    850.   1554.     13.     75.      9.     59.      5.
    834.   1719.     13.     75.      8.     35.      3.
    812.   1936.     12.     74.      7.     10.      4.
    785.   2216.     10.     75.      5.    328.      5.
    728.   2841.      6.     78.      3.    241.      7.
    700.   3163.      4.     77.      0.    235.      6.
    692.   3260.      3.     83.      1.    228.      6.
    677.   3439.      3.     59.     -5.    231.      6.
    656.   3693.      0.     64.     -6.    220.      5.
    642.   3863.      0.     72.     -4.    242.      8.
    638.   3911.      0.     67.     -5.    244.      9.
    561.   4922.     -8.     93.     -9.    235.      8.
    556.   5001.     -4.     26.    -21.    231.      9.
    546.   5144.     -5.      5.    -39.    235.     10.
    543.   5185.     -5.      2.    -45.    236.      9.
    521.   5504.     -5.      3.    -44.    235.      8.
    512.   5640.     -5.      3.    -44.    252.      7.
    511.   5658.     -6.      3.    -44.    254.      7.
    500.   5831.     -7.      5.    -40.    247.      8.
    488.   6024.     -8.      5.    -41.    244.      6.
    401.   7513.    -19.     11.    -42.    262.      7.
    400.   7533.    -19.     14.    -40.    262.      7.
    383.   7851.    -21.     16.    -41.    268.     10.
    367.   8164.    -24.     22.    -40.    277.      9.
    339.   8746.    -30.     42.    -39.    278.      3.
    314.   9291.    -34.     22.    -48.    277.      5.
    300.   9601.    -36.     17.    -53.    276.      9.
    296.   9701.    -37.     14.    -55.    274.     10.
    267.  10409.    -39.      9.    -60.    245.      2.
    264.  10471.    -40.      8.    -62.    244.      2.
    264.  10487.    -40.      8.    -62.    244.      2.
    250.  10852.    -43.      9.    -64.    245.      2.
    214.  11871.    -52.     14.    -68.    240.      3.
    200.  12314.    -56.     21.    -68.    247.      5.
    191.  12600.    -59.     28.    -69.    248.      5.
    173.  13221.    -62.     32.    -71.    262.      6.
    150.  14095.    -66.     11.    -81.    258.      8.
    145.  14316.    -67.     10.    -83.    252.      8.
    123.  15291.    -75.     13.    -87.    260.      3.
    122.  15338.    -75.     14.    -87.    263.      3.
    100.  16485.    -74.      9.    -89.    287.      2.
     94.  16849.    -72.      8.    -88.    295.      3.
     89.  17150.    -70.      7.    -87.    264.      5.
     89.  17202.    -70.      7.    -88.    258.      5.
     84.  17505.    -72.      6.    -90.    241.      7.
     74.  18226.    -78.      7.    -93.    248.      4.
     72.  18383.    -78.      8.    -93.    245.      5.
     72.  18393.    -78.      8.    -93.    246.      5.
     70.  18563.    -77.      8.    -92.    268.      1.
     69.  18651.    -76.      8.    -91.    277.      2.
     68.  18740.    -74.      8.    -90.    286.      1.
     66.  18918.    -70.      7.    -87.    279.      8.
     63.  19150.    -67.      5.    -86.    293.      3.
     62.  19309.    -66.      4.    -87.    274.      7.
     62.  19330.    -66.      4.    -87.    268.      7.
     61.  19376.    -66.      4.    -88.    252.      6.
     60.  19461.    -66.      3.    -89.    230.      7.
     58.  19719.    -68.      2.    -92.    231.     10.
     56.  19880.    -69.      2.    -93.    251.      1.
     55.  19984.    -69.      2.    -93.    266.      1.
     54.  20117.    -67.      2.    -92.    280.     10.
     53.  20240.    -64.      2.    -91.    280.      9.
     52.  20364.    -62.      1.    -90.    260.      6.
     52.  20395.    -62.      1.    -91.    256.      6.
     50.  20586.    -63.      1.    -92.    273.      7.
     48.  20824.    -62.      1.    -93.    288.      5.
     47.  20971.    -62.      1.    -93.      0.      0.
     42.  21632.    -62.      1.    -92.    159.      1.
     36.  22571.    -58.      1.    -90.    103.      2.
     33.  23189.    -60.      1.    -91.      4.      5.
     33.  23214.    -60.      1.    -91.      7.      6.
     32.  23381.    -59.      1.    -90.     33.      8.
     32.  23439.    -59.      1.    -90.     44.      8.
     31.  23634.    -57.      1.    -89.     99.      5.
     30.  23716.    -56.      1.    -88.    103.      6.
     30.  23772.    -56.      1.    -88.    101.      7.
     30.  23800.    -56.      1.    -88.    100.      7.
     29.  24042.    -57.      1.    -88.     81.      5.
     28.  24155.    -57.      1.    -89.     41.      4.
     28.  24219.    -56.      1.    -88.     23.      5.
     27.  24496.    -54.      1.    -87.     37.      3.
     26.  24667.    -55.      1.    -87.     54.      4.
     25.  24892.    -55.      1.    -87.     74.      0.
     24.  25192.    -54.      1.    -86.     74.      1.
     22.  25872.    -54.      1.    -87.     98.      9.
     21.  26021.    -52.      1.    -85.    112.      9.
     20.  26290.    -51.      1.    -85.    102.      7.
     20.  26371.    -51.      1.    -84.    106.      8.
     19.  26622.    -50.      1.    -84.    127.      4.
