   1016.     11.     23.     77.     19.     72.      1.
   1015.     18.     23.     79.     19.     72.      1.
   1000.    150.     22.     81.     19.     66.      4.
    972.    395.     20.     90.     18.     83.      5.
    925.    823.     18.     80.     14.     66.     10.
    901.   1045.     16.     88.     14.     64.      1.
    860.   1449.     14.     84.     11.     69.      0.
    850.   1542.     13.     89.     11.     62.      0.
    845.   1590.     12.     90.     11.     59.     10.
    829.   1757.     12.     96.     12.     55.      5.
    798.   2070.     11.     99.     11.     96.      7.
    795.   2101.     11.     99.     10.     99.      7.
    773.   2335.      9.     98.      9.     97.      5.
    740.   2697.      8.     76.      4.    177.      2.
    724.   2882.      7.     92.      6.    203.      5.
    700.   3152.      6.     57.     -2.    240.      5.
    700.   3157.      6.     57.     -2.    240.      5.
    690.   3277.      5.     80.      2.    235.      5.
    678.   3423.      4.     76.      0.    241.      5.
    668.   3537.      3.     80.      0.    243.      6.
    628.   4040.      1.    100.      1.    221.      6.
    608.   4299.     -1.     86.     -3.    218.     10.
    552.   5058.     -6.     96.     -7.    216.      2.
    544.   5176.     -4.     24.    -21.    217.      3.
    531.   5375.     -5.      3.    -44.    215.      2.
    517.   5580.     -5.      1.    -50.    230.      4.
    504.   5776.     -5.      2.    -47.    242.      5.
    500.   5839.     -6.      4.    -42.    243.      5.
    498.   5867.     -6.      4.    -42.    243.      4.
    484.   6098.     -8.      5.    -41.    243.      6.
    433.   6953.    -14.     12.    -37.    259.      9.
    400.   7545.    -19.     18.    -38.    255.     10.
    350.   8529.    -27.     61.    -33.    248.      1.
    342.   8687.    -29.     59.    -34.    252.      3.
    335.   8833.    -29.     23.    -44.    256.      5.
    300.   9613.    -36.     33.    -47.    259.      7.
    292.   9809.    -38.     37.    -48.    258.      9.
    277.  10160.    -39.      7.    -62.    257.      9.
    258.  10655.    -43.      3.    -71.    265.      9.
    255.  10719.    -43.      3.    -72.    265.      9.
    250.  10855.    -44.      3.    -73.    262.     10.
    200.  12316.    -55.      6.    -75.    250.      5.
    191.  12620.    -57.      8.    -76.    249.      8.
    184.  12834.    -59.     10.    -76.    253.      6.
    150.  14112.    -64.      6.    -83.    251.      0.
    133.  14864.    -67.      6.    -86.    259.      4.
    119.  15504.    -72.      6.    -90.    265.      1.
    103.  16324.    -78.      9.    -92.    274.      4.
    100.  16506.    -77.     10.    -91.    277.      2.
    100.  16511.    -77.     10.    -91.    277.      2.
     95.  16826.    -77.     11.    -90.    275.      1.
     93.  16955.    -74.     11.    -88.    272.      9.
     82.  17661.    -79.     12.    -92.    269.      8.
     82.  17672.    -79.     12.    -92.    269.      8.
     80.  17799.    -74.     12.    -87.    267.      5.
     78.  17963.    -73.     12.    -86.    267.      1.
     76.  18081.    -73.     11.    -87.    266.      7.
     73.  18312.    -72.     11.    -87.    233.     10.
     70.  18582.    -74.     10.    -89.    210.      2.
     69.  18647.    -75.     10.    -89.    198.      2.
     67.  18812.    -76.     10.    -90.    196.      3.
     67.  18870.    -77.     10.    -91.    203.      3.
     64.  19098.    -71.     10.    -86.    237.      6.
     64.  19147.    -71.      9.    -86.    239.      6.
     63.  19176.    -71.      9.    -86.    240.      6.
     62.  19338.    -69.      8.    -86.    245.      4.
     60.  19493.    -67.      6.    -85.    280.      3.
     59.  19638.    -63.      5.    -85.    291.      2.
     57.  19790.    -63.      3.    -86.    296.      9.
     55.  20050.    -64.      2.    -90.    278.      0.
     52.  20344.    -62.      1.    -90.    261.      6.
     51.  20491.    -60.      1.    -91.    204.      2.
     51.  20541.    -60.      1.    -91.    174.      3.
     50.  20611.    -60.      1.    -91.    165.      4.
     49.  20701.    -60.      1.    -91.    166.      5.
     47.  20962.    -63.      1.    -93.    171.      6.
     45.  21213.    -64.      1.    -94.    212.      7.
     45.  21259.    -64.      1.    -93.    218.      7.
     44.  21393.    -63.      1.    -93.    224.      5.
     42.  21740.    -61.      1.    -92.    314.      6.
     42.  21749.    -62.      1.    -92.    999.     10.
