   1019.     11.     20.     92.     18.      0.      0.
   1018.     18.     20.     90.     18.    310.      1.
   1000.    172.     19.     93.     17.     15.      1.
    941.    695.     16.     99.     16.     74.      5.
    925.    838.     15.     99.     15.     48.      5.
    918.    907.     15.     99.     15.     33.      5.
    890.   1166.     13.     99.     13.     52.      0.
    850.   1552.     11.     99.     11.     53.      4.
    848.   1571.     11.     99.     11.     53.      4.
    832.   1728.     10.     99.     10.     53.      2.
    736.   2741.      6.     98.      6.     86.      0.
    707.   3081.      4.     99.      4.    107.      0.
    700.   3156.      5.     97.      4.    116.      9.
    684.   3342.      4.     96.      4.    149.      9.
    679.   3411.      4.     92.      3.    153.     10.
    629.   4029.      1.     98.      0.    201.      7.
    613.   4226.     -1.     98.     -1.    192.      7.
    599.   4417.     -1.     97.     -2.    216.      8.
    528.   5417.     -7.     90.     -8.    197.      7.
    522.   5505.     -7.     87.     -9.    203.      8.
    517.   5586.     -6.     49.    -15.    211.      9.
    502.   5803.     -7.     14.    -30.    229.      8.
    500.   5839.     -7.     10.    -34.    230.      8.
    497.   5890.     -7.      7.    -38.    230.      9.
    460.   6482.    -11.      7.    -40.    245.      1.
    417.   7232.    -17.     15.    -37.    264.      7.
    400.   7541.    -19.     10.    -43.    262.      6.
    393.   7673.    -19.      7.    -46.    259.      7.
    391.   7712.    -19.      8.    -46.    259.      7.
    388.   7760.    -19.     12.    -42.    261.      7.
    335.   8836.    -29.     50.    -36.    277.      1.
    321.   9141.    -31.     34.    -42.    285.      4.
    307.   9450.    -32.     17.    -49.    282.     10.
    300.   9621.    -33.     16.    -51.    281.      1.
    283.  10024.    -36.     15.    -54.    276.      2.
    250.  10873.    -44.     19.    -59.    269.      1.
    243.  11062.    -46.     26.    -58.    266.      9.
    241.  11123.    -46.     19.    -60.    266.      9.
    234.  11314.    -46.      6.    -69.    262.      7.
    205.  12188.    -53.     12.    -70.    251.      0.
    200.  12341.    -54.     12.    -70.    253.     10.
    164.  13581.    -64.     16.    -77.    250.      0.
    153.  14016.    -66.     14.    -80.    254.      1.
    150.  14130.    -67.     13.    -81.    256.      8.
    128.  15067.    -70.     11.    -85.    281.      3.
    125.  15224.    -71.      9.    -86.    280.      1.
    106.  16168.    -74.      7.    -91.    271.      6.
    100.  16521.    -76.      7.    -92.    253.      7.
    100.  16528.    -76.      8.    -92.    252.      7.
     89.  17202.    -81.      9.    -95.    266.      4.
     87.  17345.    -81.     10.    -94.    267.      4.
     86.  17420.    -81.     10.    -94.    270.      5.
     82.  17674.    -78.     11.    -91.    281.      5.
     79.  17897.    -74.     11.    -89.    295.      4.
     77.  18009.    -73.     10.    -88.    283.      1.
     77.  18021.    -73.     10.    -88.    281.      1.
     75.  18141.    -73.     10.    -88.    258.      5.
     72.  18377.    -75.      9.    -90.    256.     10.
     71.  18470.    -72.      8.    -88.    267.      1.
     70.  18579.    -70.      7.    -87.    282.      9.
     70.  18600.    -69.      7.    -87.    285.      8.
     67.  18882.    -71.      6.    -90.    299.     10.
     66.  18900.    -71.      5.    -90.    299.     10.
     66.  18968.    -71.      5.    -90.    292.      9.
     63.  19195.    -69.      4.    -89.    267.      1.
     61.  19440.    -68.      3.    -90.    270.      5.
     59.  19605.    -68.      3.    -91.    256.      5.
     57.  19848.    -62.      2.    -89.    245.      1.
     56.  19900.    -62.      2.    -90.    245.      0.
     54.  20132.    -63.      1.    -93.    257.      7.
     52.  20366.    -64.      1.    -94.    295.      7.
     50.  20612.    -66.      1.    -95.    291.      6.
     50.  20668.    -67.      1.    -96.    290.      6.
     48.  20805.    -68.      1.    -96.    308.      7.
     48.  20851.    -68.      1.    -96.    313.      7.
     47.  20961.    -67.      1.    -96.    306.      6.
     46.  21102.    -67.      1.    -96.    274.      8.
     46.  21183.    -66.      1.    -95.    279.      7.
