   1020.     11.     19.     81.     15.     80.      2.
   1019.     20.     19.     84.     16.     68.      2.
   1000.    184.     17.     86.     15.     61.      5.
    989.    276.     17.     89.     15.     63.      5.
    977.    382.     16.     90.     14.     41.      7.
    968.    462.     15.     90.     14.     53.      8.
    930.    799.     13.     98.     13.     50.      2.
    925.    846.     13.     99.     12.     47.      2.
    914.    947.     12.     98.     12.     41.      3.
    859.   1465.      9.     99.      9.     46.      8.
    850.   1552.      9.     99.      9.     46.      8.
    794.   2115.      7.     99.      7.     80.      4.
    745.   2639.      6.     95.      5.    104.      2.
    723.   2889.      5.     93.      4.    125.      8.
    700.   3149.      3.     96.      3.    149.      1.
    697.   3183.      3.     95.      3.    152.      1.
    689.   3284.      3.     93.      2.    149.      1.
    663.   3591.      3.     96.      2.    186.      0.
    647.   3793.      1.     99.      1.    216.      9.
    636.   3922.      1.     99.      0.    206.      0.
    625.   4067.      0.     99.      0.    225.      1.
    619.   4140.     -1.     99.     -1.    224.      1.
    552.   5046.     -5.     96.     -6.    231.      7.
    536.   5284.     -6.     58.    -13.    250.      9.
    527.   5410.     -4.     13.    -29.    260.      1.
    522.   5486.     -3.     17.    -25.    264.      2.
    519.   5539.     -3.      8.    -32.    265.      2.
    517.   5571.     -3.     18.    -24.    265.      2.
    500.   5831.     -5.      7.    -35.    265.      3.
    494.   5923.     -5.      6.    -37.    266.      3.
    446.   6724.    -12.     19.    -31.    268.      8.
    409.   7374.    -17.     38.    -28.    260.      5.
    408.   7394.    -18.     37.    -29.    260.      5.
    400.   7541.    -18.     30.    -31.    264.      6.
    319.   9202.    -29.     12.    -50.    273.     10.
    300.   9632.    -32.      7.    -57.    264.      2.
    298.   9691.    -32.      6.    -58.    264.      2.
    258.  10672.    -41.      9.    -61.    254.      7.
    250.  10892.    -43.     11.    -62.    255.      4.
    213.  11961.    -53.     23.    -65.    253.      7.
    200.  12354.    -55.     18.    -69.    258.      9.
    184.  12884.    -59.     19.    -71.    260.      2.
    150.  14143.    -67.     16.    -79.    275.      4.
    144.  14391.    -66.     13.    -80.    274.      0.
    141.  14502.    -67.     12.    -81.    273.      9.
    130.  14988.    -71.     12.    -85.    266.      4.
    122.  15363.    -74.     15.    -87.    272.      3.
    111.  15906.    -74.     15.    -87.    269.      7.
    105.  16267.    -77.     15.    -89.    265.      9.
    100.  16526.    -78.     16.    -89.    270.      8.
     93.  16931.    -76.     16.    -88.    278.      7.
     87.  17302.    -77.     16.    -89.    250.      5.
     80.  17781.    -78.     16.    -89.    278.      7.
     76.  18109.    -78.     17.    -89.    249.      5.
     75.  18168.    -78.     17.    -89.    249.      7.
     71.  18523.    -72.     15.    -84.    289.      4.
     70.  18544.    -71.     15.    -84.    290.      3.
     70.  18579.    -71.     14.    -84.    289.      2.
     68.  18779.    -71.     12.    -85.    255.     10.
     61.  19371.    -67.      6.    -86.    270.      8.
     59.  19641.    -67.      4.    -89.    284.      4.
     56.  19930.    -65.      2.    -90.    292.      9.
     55.  20045.    -66.      2.    -91.    297.      7.
     52.  20320.    -66.      2.    -93.    279.      6.
     52.  20329.    -66.      1.    -93.    278.      6.
     50.  20575.    -63.      1.    -93.    213.      5.
     50.  20609.    -63.      1.    -93.    215.      5.
     49.  20793.    -60.      1.    -91.    189.      5.
     46.  21187.    -61.      1.    -92.      0.      0.
     43.  21521.    -64.      1.    -93.    218.      4.
     40.  21948.    -61.      1.    -91.    246.      6.
     40.  22034.    -60.      1.    -91.    253.      7.
     39.  22161.    -60.      1.    -91.    272.      5.
     36.  22729.    -58.      1.    -89.    235.      3.
     33.  23120.    -59.      1.    -90.      0.      0.
     32.  23314.    -61.      1.    -91.    137.      5.
     32.  23437.    -59.      1.    -90.    132.      8.
     31.  23578.    -59.      1.    -90.    155.      5.
     30.  23754.    -59.      1.    -90.    251.      5.
     30.  23792.    -59.      1.    -90.    259.      6.
     29.  23971.    -58.      1.    -89.    277.      5.
     28.  24214.    -56.      1.    -88.    232.      5.
     28.  24334.    -56.      1.    -88.    234.      5.
     27.  24483.    -54.      1.    -86.    307.      5.
     26.  24706.    -52.      1.    -85.    324.      5.
     25.  24964.    -52.      1.    -85.    296.      3.
     24.  25256.    -53.      1.    -86.    294.      7.
     23.  25415.    -53.      1.    -86.    321.      7.
     23.  25519.    -53.      1.    -86.    321.      5.
     23.  25630.    -54.      1.    -86.    334.      4.
     21.  26034.    -53.      1.    -86.      0.      0.
     20.  26352.    -53.      1.    -86.     31.      5.
     20.  26398.    -53.      1.    -86.     29.      6.
     20.  26531.    -53.      1.    -86.     30.      8.
     19.  26662.    -53.      1.    -86.     47.      9.
     19.  26740.    -53.      1.    -86.     55.      9.
     18.  26977.    -53.      1.    -86.     34.      7.
     18.  27271.    -52.      1.    -85.     68.      6.
     17.  27362.    -52.      1.    -86.     65.      6.
