   1022.     11.     17.     82.     14.     66.      2.
   1021.     23.     17.     85.     15.     79.      3.
   1011.    106.     17.     87.     15.     88.      5.
   1000.    200.     16.     84.     14.     69.      8.
    982.    359.     15.     86.     13.     50.      8.
    966.    493.     14.     83.     12.     54.      4.
    925.    859.     11.     94.     10.     54.      4.
    897.   1115.     10.     98.      9.     57.      6.
    891.   1174.      9.     99.      9.     58.      6.
    850.   1561.      8.    100.      8.     77.      4.
    833.   1724.      7.    100.      7.     82.      2.
    800.   2058.      6.     98.      6.    112.     10.
    799.   2069.      6.     97.      6.    113.     10.
    777.   2306.      7.     85.      4.    169.      5.
    765.   2427.      7.     87.      5.    213.      2.
    746.   2637.      6.     92.      5.    240.      5.
    716.   2969.      4.     99.      4.    230.      9.
    707.   3071.      3.     99.      3.    251.      0.
    703.   3115.      3.     99.      3.    259.      0.
    700.   3154.      2.     99.      2.    258.      0.
    680.   3388.      1.     99.      1.    233.      9.
    677.   3428.      0.    100.      0.    234.      9.
    661.   3614.     -2.     91.     -4.    242.      9.
    660.   3627.     -2.     80.     -5.    241.      9.
    648.   3771.     -3.     61.    -10.    217.      9.
    634.   3951.     -3.     47.    -13.    235.      3.
    627.   4040.     -4.     47.    -13.    241.      2.
    598.   4411.     -2.     39.    -14.    281.      9.
    597.   4422.     -2.     39.    -14.    281.      9.
    586.   4575.     -3.     39.    -15.    284.      8.
    569.   4797.     -4.     36.    -16.    272.      3.
    556.   4981.     -1.      4.    -39.    272.      7.
    547.   5109.     -2.      3.    -42.    273.      1.
    514.   5615.     -6.     38.    -18.    279.      4.
    509.   5679.     -6.     40.    -18.    275.      4.
    500.   5823.     -7.     21.    -26.    269.      5.
    497.   5871.     -7.     13.    -31.    269.      6.
    485.   6059.     -8.      8.    -36.    263.      5.
    483.   6096.     -8.      8.    -36.    262.      5.
    462.   6429.    -10.     15.    -32.    265.      4.
    400.   7532.    -16.      3.    -51.    267.      9.
    372.   8076.    -20.      4.    -53.    261.      1.
    300.   9624.    -34.      7.    -58.    263.      3.
    299.   9648.    -34.      7.    -58.    263.      3.
    250.  10877.    -44.     10.    -63.    258.      3.
    217.  11806.    -51.     13.    -67.    265.      3.
    200.  12341.    -54.      9.    -72.    260.      5.
    183.  12897.    -58.      9.    -76.    258.      7.
    155.  13943.    -64.     11.    -80.    258.      5.
    150.  14137.    -65.      9.    -82.    265.      4.
    131.  14975.    -70.     10.    -86.    275.      1.
    122.  15391.    -74.     11.    -88.    278.      0.
    114.  15766.    -75.     12.    -89.    288.      9.
    114.  15786.    -75.     12.    -89.    289.      8.
    111.  15946.    -74.     11.    -88.    282.      6.
    104.  16312.    -76.     10.    -90.    264.      9.
    100.  16524.    -76.     10.    -90.    272.      9.
     89.  17170.    -75.      9.    -90.    286.      1.
     86.  17412.    -76.      9.    -91.    279.      4.
     86.  17423.    -76.      9.    -91.    277.      3.
     85.  17482.    -74.      9.    -90.    261.      2.
     84.  17553.    -73.      9.    -89.    243.      2.
     83.  17609.    -73.      9.    -89.    229.      2.
     81.  17776.    -75.      8.    -90.    220.      1.
     77.  18049.    -77.      8.    -92.    234.      1.
     74.  18247.    -76.      8.    -92.    253.      2.
     72.  18411.    -75.      8.    -91.    239.     10.
     70.  18591.    -73.      8.    -90.    238.      1.
     69.  18713.    -73.      7.    -89.    239.      3.
     66.  18984.    -71.      6.    -89.    273.      6.
     64.  19149.    -70.      5.    -89.    295.      4.
     60.  19544.    -66.      3.    -89.    275.     10.
     58.  19708.    -64.      2.    -90.    251.      7.
     58.  19752.    -65.      2.    -90.    248.      7.
     55.  20009.    -65.      1.    -92.    259.      8.
     52.  20383.    -66.      1.    -94.    236.      6.
     50.  20614.    -67.      1.    -95.    244.      8.
     50.  20625.    -67.      1.    -95.    246.      8.
     48.  20900.    -65.      1.    -95.    301.      0.
     47.  20945.    -65.      1.    -94.    307.      0.
     46.  21073.    -65.      1.    -95.    316.      8.
     46.  21177.    -65.      1.    -94.    301.      5.
     45.  21304.    -65.      1.    -94.    252.      3.
     43.  21515.    -61.      1.    -92.    309.      2.
     43.  21573.    -61.      1.    -92.    352.      1.
     40.  21944.    -62.      1.    -92.      1.      5.
     40.  22069.    -61.      1.    -92.    353.      6.
     36.  22620.    -60.      1.    -91.    338.      1.
     35.  22911.    -60.      1.    -91.     38.      5.
     32.  23330.    -57.      1.    -89.    356.      5.
     32.  23457.    -57.      1.    -89.     25.      7.
     31.  23672.    -57.      1.    -89.     83.      7.
     30.  23786.    -57.      1.    -89.     92.      5.
     29.  24000.    -56.      1.    -88.    111.      1.
     28.  24299.    -55.      1.    -87.     97.      5.
     27.  24472.    -54.      1.    -87.    144.      7.
     26.  24652.    -52.      1.    -85.    156.      8.
     25.  24891.    -51.      1.    -85.    141.      7.
     24.  25110.    -51.      1.    -85.    151.      8.
