   1023.     11.     19.     70.     13.     65.      1.
   1022.     19.     18.     72.     13.    112.      1.
   1007.    145.     17.     74.     13.    110.      5.
   1000.    202.     17.     75.     12.     99.      7.
    968.    480.     15.     78.     11.     61.      0.
    935.    776.     12.     88.     10.     72.      3.
    925.    862.     12.     91.     10.     68.      4.
    906.   1036.     11.     92.      9.     60.      6.
    896.   1128.     10.     95.      9.     61.      6.
    869.   1383.      8.     98.      8.     63.      5.
    850.   1565.      8.     98.      7.     75.      5.
    808.   1981.      6.     98.      6.    105.      3.
    799.   2076.      5.     99.      5.    116.      1.
    789.   2173.      6.     95.      5.    137.      8.
    777.   2307.      6.     93.      5.    156.      5.
    764.   2439.      6.     94.      5.    203.      3.
    745.   2647.      4.     98.      4.    232.      3.
    736.   2749.      4.     92.      2.    226.      5.
    729.   2825.      3.     67.     -2.    226.      6.
    715.   2983.      4.     93.      2.    222.      8.
    713.   3009.      3.     74.     -1.    225.      9.
    701.   3144.      4.     46.     -7.    245.      8.
    700.   3153.      4.     45.     -7.    247.      8.
    659.   3642.      1.     48.     -9.    281.      4.
    599.   4405.     -3.     61.     -9.    263.      5.
    591.   4508.     -1.     17.    -23.    267.      6.
    585.   4589.     -1.     11.    -28.    266.      8.
    583.   4617.     -1.      9.    -30.    266.      8.
    572.   4774.     -1.      4.    -39.    269.      1.
    565.   4867.     -1.      6.    -34.    274.      2.
    563.   4899.     -1.      8.    -31.    274.      2.
    559.   4949.     -2.     32.    -16.    272.      2.
    548.   5106.     -2.      5.    -36.    269.      0.
    522.   5496.     -5.     38.    -17.    276.      2.
    519.   5537.     -5.     22.    -23.    276.      3.
    519.   5546.     -5.     20.    -24.    275.      3.
    500.   5834.     -7.     36.    -19.    269.      3.
    494.   5924.     -7.     40.    -19.    269.      4.
    487.   6038.     -8.     36.    -20.    268.      5.
    436.   6886.    -14.     34.    -27.    259.      5.
    400.   7538.    -17.     11.    -41.    269.      8.
    399.   7559.    -18.     11.    -41.    270.      8.
    375.   8012.    -21.      5.    -50.    267.      9.
    355.   8423.    -23.      7.    -50.    260.      2.
    300.   9629.    -33.      6.    -59.    261.      4.
    250.  10883.    -43.     10.    -63.    261.      7.
    231.  11404.    -48.     14.    -64.    264.      8.
    200.  12348.    -54.     10.    -72.    259.      8.
    179.  13047.    -60.     14.    -74.    262.      9.
    164.  13610.    -62.     11.    -78.    267.      1.
    150.  14143.    -65.      9.    -82.    265.      4.
    137.  14698.    -68.      9.    -84.    260.      4.
    119.  15550.    -72.      9.    -88.    250.      0.
    100.  16544.    -75.      9.    -90.    260.      7.
    100.  16549.    -75.      9.    -90.    260.      7.
     86.  17394.    -80.     12.    -93.    251.      2.
     82.  17682.    -81.     14.    -93.    255.      6.
     78.  17939.    -79.     15.    -91.    262.      9.
     77.  18045.    -79.     15.    -91.    265.     10.
     76.  18144.    -80.     15.    -91.    267.     10.
     73.  18343.    -80.     16.    -91.    271.      9.
     71.  18534.    -74.     15.    -86.    279.     10.
     70.  18584.    -71.     15.    -84.    284.      8.
     70.  18604.    -70.     15.    -83.    286.      8.
     69.  18706.    -68.     13.    -82.    293.      4.
     68.  18799.    -68.     11.    -82.    280.      0.
     67.  18874.    -66.     10.    -82.    254.      8.
     66.  18909.    -66.     10.    -82.    242.      8.
     66.  18958.    -66.      9.    -82.    230.      8.
     62.  19275.    -68.      6.    -87.    205.      6.
     61.  19410.    -69.      6.    -88.    209.      8.
     58.  19711.    -68.      4.    -88.    237.      3.
     56.  19886.    -67.      4.    -89.    246.      1.
     54.  20151.    -67.      3.    -89.    283.      9.
     52.  20435.    -66.      3.    -90.    266.      8.
     50.  20575.    -64.      2.    -89.    293.      5.
     50.  20615.    -64.      2.    -89.    296.      5.
     48.  20816.    -63.      2.    -89.    235.      1.
     48.  20838.    -62.      2.    -89.    212.      2.
     44.  21467.    -65.      2.    -92.    235.      5.
     42.  21715.    -61.      1.    -91.    196.      3.
     41.  21890.    -62.      1.    -91.    184.      5.
     40.  21988.    -61.      1.    -91.    194.      6.
     38.  22309.    -59.      1.    -90.    319.      5.
     37.  22403.    -59.      1.    -90.    329.      5.
     36.  22660.    -58.      1.    -89.    197.      5.
     35.  22847.    -58.      1.    -89.    218.      6.
     33.  23265.    -58.      1.    -90.    146.      1.
     32.  23358.    -59.      1.    -90.     73.      1.
     31.  23650.    -58.      1.    -89.    231.      5.
     30.  23797.    -57.      1.    -89.    260.      7.
     30.  23891.    -57.      1.    -89.    271.      7.
     28.  24355.    -55.      1.    -88.    249.      5.
     27.  24524.    -54.      1.    -87.    299.      8.
     26.  24616.    -53.      1.    -86.    309.     10.
     26.  24653.    -53.      1.    -86.    308.     10.
     24.  25174.    -55.      1.    -87.    334.      5.
     23.  25570.    -55.      1.    -87.    317.      6.
     21.  25952.    -56.      1.    -88.    340.      6.
