   1021.     11.     19.     65.     13.     63.      2.
   1020.     21.     19.     66.     13.     77.      1.
   1011.    100.     19.     66.     12.    107.      6.
   1000.    189.     18.     68.     12.    105.      8.
    972.    434.     16.     72.     11.     80.      1.
    938.    735.     14.     85.     11.     77.      4.
    925.    851.     13.     87.     11.     77.      4.
    875.   1315.     10.     88.      8.    104.      2.
    867.   1390.      9.     91.      8.    114.      1.
    860.   1456.     10.     87.      8.    126.      0.
    857.   1490.      9.     86.      7.    130.     10.
    850.   1557.      9.     86.      7.    133.      8.
    838.   1680.      9.     83.      7.    136.      6.
    814.   1914.      9.     91.      7.    251.      3.
    792.   2142.      7.     96.      7.    260.      2.
    782.   2247.      7.     94.      6.    225.      6.
    747.   2622.      4.     92.      3.    228.      8.
    736.   2743.      3.     95.      2.    256.      8.
    731.   2796.      3.     97.      2.    259.      8.
    719.   2929.      2.     97.      1.    261.      6.
    710.   3030.      1.     93.      0.    282.      7.
    708.   3054.      1.     74.     -3.    288.      7.
    708.   3061.      1.     69.     -4.    289.      8.
    703.   3115.      2.     58.     -5.    288.     10.
    700.   3147.      3.     62.     -4.    286.      0.
    700.   3149.      3.     62.     -4.    286.      0.
    692.   3247.      2.     69.     -3.    282.      9.
    675.   3438.      0.     76.     -4.    288.     10.
    664.   3572.     -1.     66.     -6.    299.      1.
    658.   3651.      0.     51.     -9.    300.      2.
    640.   3869.     -2.     48.    -11.    303.      7.
    608.   4272.     -2.     40.    -14.    273.      8.
    598.   4405.     -3.     39.    -15.    269.      9.
    586.   4563.     -3.     27.    -19.    266.      1.
    584.   4591.     -3.     28.    -19.    266.      2.
    578.   4680.     -2.     10.    -29.    264.      3.
    569.   4802.     -1.      5.    -37.    260.      3.
    531.   5352.     -4.      5.    -39.    265.      3.
    508.   5697.     -7.      6.    -38.    266.      1.
    500.   5820.     -8.      6.    -38.    264.      3.
    488.   6006.     -9.      7.    -38.    264.      2.
    475.   6218.    -11.     32.    -24.    271.      4.
    464.   6400.    -12.     40.    -23.    268.      7.
    441.   6782.    -14.      9.    -40.    259.      3.
    437.   6860.    -14.      8.    -41.    258.      3.
    401.   7506.    -19.     23.    -35.    260.      2.
    400.   7518.    -19.     23.    -35.    259.      2.
    379.   7918.    -21.      5.    -50.    259.      3.
    348.   8545.    -26.     13.    -47.    253.      3.
    347.   8568.    -26.     13.    -47.    253.      3.
    300.   9597.    -34.     12.    -54.    262.      5.
    250.  10848.    -44.     11.    -63.    262.      8.
    245.  10976.    -45.     12.    -63.    262.      8.
    200.  12311.    -54.      6.    -75.    257.      1.
    166.  13472.    -62.      7.    -81.    261.      3.
    154.  13931.    -65.      7.    -83.    267.      1.
    150.  14105.    -65.      7.    -84.    267.      1.
    121.  15394.    -71.      5.    -91.    260.      4.
    100.  16514.    -75.      6.    -93.    270.      6.
     91.  17056.    -77.      7.    -94.    238.      1.
     90.  17149.    -77.      7.    -93.    233.      2.
     83.  17600.    -76.      7.    -92.    253.      9.
     79.  17882.    -77.      8.    -93.    235.      5.
     76.  18089.    -75.      8.    -91.    269.      3.
     73.  18363.    -75.      7.    -92.    263.      3.
     72.  18383.    -76.      7.    -92.    264.      3.
     70.  18562.    -70.      6.    -88.    276.      1.
     70.  18575.    -70.      6.    -88.    275.      1.
     70.  18593.    -70.      6.    -88.    272.     10.
     68.  18791.    -69.      5.    -89.    228.     10.
     66.  18923.    -67.      4.    -89.    222.      1.
     61.  19397.    -67.      2.    -93.    264.     10.
     58.  19663.    -69.      1.    -95.    261.      6.
     56.  19933.    -67.      1.    -95.    227.      9.
     54.  20176.    -66.      1.    -95.    279.      7.
     51.  20511.    -65.      1.    -95.    271.      7.
     50.  20601.    -65.      1.    -95.    260.      7.
     49.  20727.    -65.      1.    -94.    245.      7.
     46.  21096.    -63.      1.    -93.    263.      6.
     45.  21289.    -63.      1.    -93.    298.      5.
     40.  21910.    -61.      1.    -92.    313.      6.
     39.  22151.    -60.      1.    -91.      0.      0.
     36.  22619.    -58.      1.    -90.    336.      6.
     36.  22677.    -58.      1.    -90.    348.      7.
     35.  22828.    -58.      1.    -90.     16.      5.
     33.  23252.    -58.      1.    -89.    101.      1.
     30.  23783.    -56.      1.    -88.    136.      4.
     27.  24544.    -54.      1.    -86.    186.      5.
     26.  24808.    -52.      1.    -85.    195.      5.
     24.  25166.    -53.      1.    -86.    156.      7.
     24.  25267.    -53.      1.    -86.    144.      5.
     23.  25437.    -52.      1.    -85.    157.      2.
     22.  25761.    -53.      1.    -86.      0.      0.
     21.  25948.    -54.      1.    -86.    114.      5.
     20.  26368.    -53.      1.    -86.    188.      5.
     20.  26390.    -53.      1.    -86.    188.      6.
     19.  26653.    -53.      1.    -86.    199.      9.
     19.  26903.    -55.      1.    -87.    215.      5.
     17.  27477.    -55.      1.    -87.    201.      2.
