   1019.     11.     20.     70.     15.     63.      3.
   1018.     23.     20.     73.     15.     69.      2.
   1000.    174.     19.     77.     15.     80.      6.
    981.    335.     17.     82.     14.     86.      7.
    949.    620.     15.     94.     14.     76.      2.
    944.    665.     15.     94.     14.     76.      3.
    925.    838.     14.     93.     13.     79.      1.
    879.   1265.     11.     99.     11.    105.      1.
    870.   1354.     11.     99.     11.    103.      1.
    850.   1548.     10.     97.     10.    120.      0.
    822.   1831.     10.     87.      8.    137.      6.
    817.   1877.     10.     87.      8.    140.      6.
    799.   2065.      9.     86.      6.    195.      4.
    786.   2197.      8.     86.      5.    217.      5.
    773.   2334.      7.     80.      4.    212.      8.
    743.   2666.      5.     95.      4.    213.      9.
    724.   2873.      3.     94.      2.    232.      7.
    704.   3100.      1.     98.      1.    227.      8.
    700.   3145.      1.     97.      1.    230.      8.
    699.   3152.      1.     96.      0.    231.      8.
    672.   3472.      0.     78.     -4.    262.      8.
    642.   3833.     -1.     65.     -7.    262.      8.
    628.   4014.     -2.     57.    -10.    255.      1.
    623.   4074.     -3.     58.    -10.    254.      2.
    620.   4111.     -3.     58.    -10.    256.      3.
    609.   4252.     -2.     24.    -20.    266.      5.
    595.   4439.     -2.      8.    -32.    269.      9.
    578.   4669.     -3.     12.    -29.    271.     10.
    553.   5020.     -4.      8.    -34.    268.      4.
    531.   5346.     -7.     65.    -13.    267.      8.
    528.   5378.     -7.     78.    -10.    267.      9.
    522.   5467.     -5.     10.    -32.    267.      9.
    500.   5809.     -8.     12.    -33.    262.      9.
    500.   5815.     -8.     12.    -32.    262.      9.
    484.   6060.     -9.     46.    -19.    261.      3.
    481.   6106.    -10.     43.    -20.    262.      4.
    478.   6162.     -9.     12.    -33.    263.      4.
    477.   6171.     -9.     12.    -34.    263.      4.
    435.   6885.    -15.     37.    -27.    259.      3.
    400.   7506.    -20.     22.    -36.    257.      7.
    372.   8033.    -24.     23.    -39.    252.      8.
    365.   8181.    -24.     10.    -47.    252.      8.
    316.   9219.    -32.      7.    -56.    256.      1.
    304.   9495.    -34.      4.    -62.    261.      9.
    300.   9580.    -35.      4.    -63.    261.      8.
    277.  10121.    -39.      9.    -60.    258.      6.
    275.  10182.    -39.     11.    -59.    256.      7.
    250.  10828.    -44.      7.    -66.    257.      3.
    250.  10835.    -44.      7.    -66.    257.      3.
    200.  12295.    -53.      7.    -74.    266.     10.
    190.  12616.    -56.      8.    -75.    265.      1.
    158.  13781.    -64.     10.    -80.    266.      9.
    156.  13850.    -64.     11.    -80.    267.      9.
    150.  14093.    -65.     10.    -81.    267.      6.
    134.  14789.    -66.      6.    -85.    251.      5.
    133.  14810.    -66.      6.    -85.    251.      4.
    104.  16253.    -77.     10.    -91.    264.      1.
    100.  16487.    -74.     10.    -88.    264.      7.
    100.  16502.    -74.     10.    -89.    263.      7.
     88.  17221.    -78.     11.    -92.    266.      1.
     88.  17240.    -78.     11.    -92.    267.      1.
     83.  17602.    -71.     11.    -86.    255.     10.
     82.  17619.    -71.     11.    -85.    255.     10.
     73.  18295.    -74.      9.    -89.    245.      8.
     73.  18325.    -75.      9.    -90.    248.      8.
     71.  18502.    -73.      9.    -88.    271.      8.
     70.  18575.    -72.      9.    -88.    273.      6.
     69.  18648.    -71.      8.    -87.    269.      5.
     65.  19054.    -65.      6.    -85.    265.      2.
     65.  19066.    -65.      6.    -85.    265.      1.
     61.  19399.    -67.      4.    -88.    224.      6.
     60.  19521.    -68.      4.    -90.    223.      7.
     60.  19531.    -68.      4.    -90.    224.      7.
     57.  19825.    -66.      3.    -89.    261.      9.
     55.  20087.    -65.      2.    -90.    256.      8.
     51.  20488.    -66.      2.    -92.    294.      5.
     50.  20608.    -66.      2.    -92.    240.      2.
     48.  20918.    -63.      1.    -92.    308.      4.
     46.  21101.    -64.      1.    -93.      0.      0.
     44.  21376.    -64.      1.    -94.    188.      5.
     44.  21396.    -64.      1.    -94.    192.      6.
     43.  21599.    -63.      1.    -93.    240.      5.
     40.  22013.    -59.      1.    -90.    360.      1.
     37.  22453.    -60.      1.    -91.    228.      6.
     36.  22701.    -60.      1.    -91.    161.      6.
     35.  22808.    -61.      1.    -91.    159.      7.
     35.  22819.    -61.      1.    -91.    161.      7.
     34.  22985.    -60.      1.    -91.    193.      9.
     33.  23152.    -59.      1.    -90.    243.     10.
     33.  23256.    -58.      1.    -89.    271.      9.
     32.  23365.    -57.      1.    -89.    278.      7.
     31.  23511.    -57.      1.    -89.    254.      6.
     30.  23787.    -56.      1.    -88.    280.      9.
     29.  23991.    -56.      1.    -88.    309.      6.
     28.  24208.    -56.      1.    -88.    248.      2.
     28.  24317.    -56.      1.    -88.    206.      2.
     26.  24719.    -57.      1.    -88.    263.      5.
     25.  24983.    -57.      1.    -89.    261.      7.
     24.  25114.    -57.      1.    -89.    271.      8.
