   1018.     11.     20.     81.     16.     62.      2.
   1017.     21.     20.     83.     17.     58.      2.
   1004.    133.     19.     86.     16.     61.      5.
   1000.    165.     18.     87.     16.     64.      6.
    985.    295.     18.     87.     16.     87.      9.
    947.    634.     17.     81.     13.     96.      9.
    925.    831.     15.     87.     13.     84.      9.
    924.    842.     15.     87.     13.     84.      9.
    904.   1023.     14.     88.     12.     99.      8.
    885.   1202.     13.     91.     11.     73.      6.
    873.   1323.     12.     92.     11.     97.      7.
    857.   1475.     11.     96.     10.     92.      7.
    853.   1510.     11.     91.     10.     92.      8.
    850.   1543.     11.     90.     10.     91.      8.
    826.   1780.     11.     84.      8.     94.      0.
    809.   1955.      9.     89.      7.     97.      9.
    795.   2105.     10.     77.      6.    108.      5.
    774.   2322.      8.     64.      2.      0.      0.
    753.   2552.      7.     61.     -1.    215.      3.
    700.   3145.      3.     67.     -3.    250.      4.
    683.   3342.      1.     71.     -4.    302.      5.
    678.   3404.      1.     72.     -4.    306.      7.
    654.   3697.     -1.     48.    -10.    287.      7.
    646.   3785.     -2.     54.    -10.    284.      7.
    632.   3963.     -3.     62.     -9.    297.      9.
    623.   4081.     -3.     59.    -10.    282.      7.
    607.   4282.     -4.     49.    -13.    283.      0.
    597.   4410.     -3.     19.    -23.    288.     10.
    590.   4507.     -3.     13.    -28.    278.      1.
    554.   4999.     -5.      7.    -36.    255.      8.
    518.   5531.     -7.      4.    -43.    261.      0.
    500.   5805.     -8.      3.    -46.    263.      1.
    425.   7046.    -17.      7.    -45.    274.      3.
    417.   7189.    -18.     21.    -36.    270.      6.
    400.   7495.    -21.     34.    -33.    267.      6.
    395.   7590.    -22.     36.    -33.    265.      7.
    375.   7977.    -23.      5.    -52.    259.      5.
    358.   8315.    -25.      6.    -53.    258.      9.
    316.   9194.    -33.      8.    -56.    259.      1.
    300.   9562.    -36.      9.    -58.    260.     10.
    287.   9876.    -39.     10.    -59.    261.      9.
    272.  10228.    -42.     11.    -61.    263.      1.
    250.  10803.    -44.      5.    -69.    265.      7.
    220.  11661.    -48.      6.    -71.    263.      6.
    213.  11866.    -49.      4.    -74.    262.      5.
    200.  12275.    -52.      4.    -77.    263.      4.
    158.  13759.    -63.      6.    -83.    267.      2.
    155.  13870.    -64.      6.    -83.    269.      2.
    150.  14081.    -64.      6.    -84.    272.      9.
    105.  16191.    -74.      5.    -92.    264.      6.
    104.  16251.    -74.      6.    -92.    266.      6.
    100.  16493.    -73.      6.    -91.    281.      1.
     91.  17024.    -76.      6.    -93.    260.      5.
     90.  17121.    -77.      7.    -93.    264.      6.
     86.  17347.    -73.      7.    -90.    272.      3.
     86.  17357.    -73.      7.    -90.    271.      3.
     82.  17621.    -73.      6.    -90.    259.      9.
     79.  17896.    -74.      6.    -92.    251.      2.
     78.  17917.    -74.      6.    -92.    252.      2.
     76.  18102.    -70.      5.    -89.    255.      5.
     74.  18226.    -71.      5.    -90.    258.      1.
     73.  18338.    -70.      5.    -90.    245.      8.
     70.  18582.    -71.      4.    -91.    231.      0.
     68.  18765.    -71.      3.    -92.    213.      2.
     67.  18836.    -71.      3.    -92.    221.      2.
     63.  19174.    -71.      3.    -93.    275.      4.
     63.  19214.    -70.      3.    -93.    281.      4.
     62.  19320.    -69.      3.    -92.    284.      1.
     59.  19567.    -68.      2.    -92.    245.     10.
     58.  19696.    -67.      2.    -93.    244.      9.
     56.  19896.    -67.      1.    -94.    277.      9.
     54.  20096.    -66.      1.    -94.    267.      2.
     54.  20107.    -66.      1.    -94.    268.      2.
     52.  20345.    -64.      1.    -94.    283.     10.
     51.  20482.    -62.      1.    -92.    285.      6.
     51.  20530.    -61.      1.    -92.    281.      3.
     50.  20592.    -61.      1.    -92.    233.      1.
     50.  20607.    -61.      1.    -92.    215.      1.
     46.  21061.    -65.      1.    -94.    207.      5.
     46.  21082.    -65.      1.    -94.    212.      6.
     45.  21231.    -64.      1.    -94.    226.      8.
     44.  21464.    -63.      1.    -93.    286.      7.
     43.  21577.    -62.      1.    -93.    293.      6.
     42.  21754.    -63.      1.    -93.    260.      6.
     40.  21944.    -59.      1.    -91.    251.      5.
     40.  22012.    -59.      1.    -90.    251.      4.
     38.  22355.    -59.      1.    -90.    311.      6.
     37.  22480.    -60.      1.    -91.    313.      6.
     36.  22645.    -60.      1.    -91.    286.      5.
     34.  23031.    -60.      1.    -91.    351.      4.
     33.  23186.    -60.      1.    -91.     80.      5.
     32.  23390.    -59.      1.    -90.    122.      6.
     31.  23594.    -58.      1.    -90.    187.      5.
     30.  23784.    -58.      1.    -89.    167.      5.
     30.  23799.    -57.      1.    -89.    167.      5.
     28.  24157.    -55.      1.    -87.    235.      6.
     28.  24280.    -54.      1.    -87.    277.      4.
     27.  24451.    -54.      1.    -87.    331.      5.
     26.  24625.    -55.      1.    -87.    334.      5.
