   1017.     11.     21.     80.     17.     90.      1.
   1015.     22.     21.     82.     18.      0.      0.
   1000.    155.     20.     84.     17.     12.      2.
    956.    541.     17.     96.     17.     57.      7.
    925.    824.     15.     97.     15.     52.     10.
    916.    904.     15.     98.     15.     51.      1.
    892.   1137.     14.     99.     14.     39.      1.
    877.   1271.     13.     99.     13.     46.      5.
    850.   1538.     12.     98.     12.     54.      2.
    809.   1951.     10.    100.     10.     58.      8.
    806.   1985.     10.    100.     10.     61.      7.
    780.   2255.      9.    100.      9.     78.      5.
    772.   2341.      9.    100.      9.     96.      5.
    724.   2878.      7.    100.      7.    222.      1.
    704.   3110.      7.    100.      7.    254.      4.
    700.   3151.      7.     97.      6.    266.      3.
    678.   3410.      5.     92.      4.    269.      5.
    660.   3633.      4.     68.     -1.    296.      9.
    635.   3950.      4.     59.     -4.    289.      9.
    617.   4181.      3.     54.     -6.    294.      3.
    593.   4500.      0.     78.     -4.    293.      4.
    559.   4969.     -2.     65.     -8.    288.      8.
    556.   5019.     -3.     67.     -8.    284.      8.
    541.   5233.     -1.     44.    -12.    287.      7.
    531.   5381.     -2.     56.    -10.    284.      3.
    505.   5780.     -6.     73.    -10.    284.      7.
    500.   5855.     -6.     68.    -11.    290.      6.
    496.   5919.     -6.     57.    -13.    296.      7.
    487.   6066.     -6.     42.    -17.    279.      8.
    474.   6270.     -5.     15.    -28.    281.      1.
    450.   6677.     -8.      8.    -36.    276.      2.
    445.   6770.     -8.      4.    -43.    283.      3.
    442.   6812.     -8.      5.    -42.    285.      3.
    401.   7572.    -14.      9.    -40.    296.      8.
    400.   7585.    -14.      9.    -40.    296.      8.
    381.   7955.    -16.      6.    -46.    282.      5.
    376.   8053.    -17.      6.    -46.    277.      6.
    326.   9098.    -27.      9.    -50.    266.      2.
    300.   9697.    -30.      6.    -56.    267.      3.
    292.   9902.    -31.      5.    -58.    260.      4.
    258.  10767.    -39.     12.    -58.    266.      3.
    250.  10968.    -41.     12.    -59.    263.      2.
    245.  11117.    -42.     10.    -62.    259.      1.
    232.  11487.    -45.      9.    -65.    277.      1.
    200.  12449.    -52.      6.    -74.    272.      9.
    198.  12508.    -53.      6.    -74.    273.     10.
    195.  12626.    -54.      7.    -74.    273.      0.
    176.  13278.    -59.     14.    -74.    259.      1.
    160.  13865.    -63.     10.    -79.    240.      2.
    156.  14012.    -64.     12.    -79.    236.      2.
    150.  14252.    -66.     12.    -80.    236.      2.
    125.  15357.    -74.     21.    -84.    254.      1.
    121.  15505.    -73.     21.    -83.    259.      9.
    113.  15918.    -75.     19.    -86.    234.      6.
    108.  16199.    -77.     20.    -87.    235.      4.
    100.  16618.    -79.     22.    -88.    275.      6.
    100.  16627.    -79.     22.    -88.    276.      5.
     97.  16774.    -79.     22.    -89.    281.      4.
     93.  17053.    -79.     24.    -88.    253.      2.
     91.  17148.    -78.     23.    -88.    257.      1.
     83.  17661.    -81.     24.    -90.    256.      9.
     81.  17848.    -81.     24.    -90.    228.      7.
     80.  17901.    -82.     24.    -90.    219.      7.
     76.  18156.    -84.     26.    -92.    217.     10.
     75.  18288.    -78.     26.    -87.    223.      3.
     74.  18370.    -77.     26.    -86.    226.      1.
     70.  18642.    -75.     22.    -85.    200.      1.
     70.  18648.    -75.     22.    -84.    200.      1.
     70.  18679.    -74.     22.    -84.    200.      1.
     68.  18853.    -74.     19.    -85.    206.      4.
     67.  18945.    -75.     17.    -86.    216.      5.
     65.  19073.    -75.     16.    -87.    228.      4.
     62.  19326.    -73.     13.    -86.    263.      9.
     61.  19461.    -71.     11.    -85.    244.      7.
     57.  19817.    -65.      6.    -84.    321.      4.
     56.  19993.    -66.      4.    -88.    297.      2.
     52.  20364.    -67.      2.    -91.    298.      5.
     52.  20451.    -67.      2.    -92.    314.      7.
     52.  20460.    -67.      2.    -92.    316.      7.
     51.  20570.    -66.      2.    -92.    331.      6.
     50.  20652.    -66.      2.    -92.    335.      4.
     44.  21432.    -62.      1.    -92.     16.      2.
     43.  21646.    -61.      1.    -92.    164.      5.
     42.  21751.    -61.      1.    -92.    179.      7.
     40.  21982.    -59.      1.    -90.    170.      2.
     37.  22596.    -58.      1.    -90.    284.      2.
     34.  22972.    -58.      1.    -90.    320.      8.
     34.  23057.    -58.      1.    -89.    332.      9.
     33.  23258.    -57.      1.    -89.    345.      5.
     33.  23318.    -57.      1.    -89.    353.      4.
     32.  23524.    -57.      1.    -89.      0.      0.
     31.  23715.    -56.      1.    -88.    338.      5.
     30.  23841.    -55.      1.    -87.    332.      3.
     22.  25698.    -53.      1.    -86.     22.      5.
     22.  25843.    -53.      1.    -86.     30.      8.
     21.  26182.    -54.      1.    -86.     91.      4.
