   1016.     11.     22.     76.     17.     74.      2.
   1015.     22.     22.     79.     18.     73.      2.
   1000.    152.     21.     83.     18.     77.      6.
    995.    199.     20.     83.     17.     76.      8.
    976.    365.     20.     79.     16.    103.      0.
    948.    614.     19.     73.     14.    105.      1.
    925.    824.     17.     77.     13.    110.     10.
    909.    971.     16.     83.     13.    112.      9.
    855.   1489.     13.     76.      9.    112.      1.
    850.   1541.     13.     77.      9.    112.      1.
    825.   1790.     11.     75.      7.    132.      7.
    811.   1932.     10.     78.      7.    120.      8.
    810.   1948.     10.     77.      7.    119.      7.
    804.   2004.     12.     63.      5.    121.      5.
    797.   2082.     12.     62.      5.    157.      3.
    777.   2297.     10.     53.      1.    204.      5.
    774.   2329.     10.     55.      1.    206.      5.
    752.   2558.      8.     69.      3.    189.      4.
    712.   3017.      5.     43.     -7.    200.      5.
    704.   3109.      4.     45.     -7.    198.      5.
    700.   3150.      4.     44.     -7.    194.      5.
    681.   3379.      2.     52.     -7.    173.      7.
    677.   3426.      1.     55.     -7.    177.      6.
    674.   3459.      1.     86.     -1.    186.      6.
    666.   3553.      0.     84.     -2.    205.      6.
    654.   3703.     -1.     46.    -11.    193.      6.
    648.   3775.     -1.     56.     -9.    187.      6.
    645.   3812.     -2.     47.    -11.    186.      6.
    630.   3992.     -3.     49.    -12.    222.      9.
    617.   4158.     -3.     38.    -15.    241.      1.
    601.   4376.     -1.     11.    -28.    254.      4.
    597.   4418.     -1.     11.    -28.    251.      3.
    553.   5029.     -4.      2.    -46.    256.     10.
    542.   5192.     -5.      3.    -45.    259.      2.
    530.   5361.     -5.      9.    -33.    261.      1.
    500.   5817.     -9.     26.    -26.    254.      4.
    497.   5862.    -10.     28.    -25.    255.      5.
    489.   5992.    -10.     14.    -32.    255.      5.
    476.   6196.    -11.      8.    -39.    248.      8.
    405.   7416.    -21.     10.    -45.    246.      9.
    400.   7505.    -22.     10.    -45.    249.      9.
    361.   8253.    -27.     32.    -39.    253.      3.
    322.   9056.    -34.     27.    -46.    253.      4.
    322.   9075.    -34.     28.    -46.    253.      4.
    300.   9560.    -37.     13.    -55.    254.      9.
    274.  10172.    -40.     12.    -59.    266.      4.
    269.  10321.    -41.      7.    -64.    264.      9.
    266.  10393.    -41.      8.    -62.    263.     10.
    254.  10693.    -44.     11.    -62.    262.      1.
    250.  10803.    -43.      9.    -64.    260.      3.
    246.  10916.    -43.      6.    -66.    257.      5.
    243.  11001.    -43.      4.    -69.    257.      6.
    217.  11753.    -49.      7.    -71.    258.      8.
    200.  12278.    -54.      8.    -73.    259.      7.
    186.  12755.    -58.     11.    -74.    263.      8.
    179.  12967.    -59.     12.    -75.    266.      8.
    161.  13625.    -61.      7.    -80.    270.      1.
    150.  14078.    -63.      6.    -83.    268.      8.
    127.  15098.    -70.      7.    -88.    259.      5.
    125.  15165.    -70.      7.    -88.    260.      4.
    118.  15508.    -69.      6.    -87.    256.      8.
    116.  15647.    -70.      6.    -88.    253.      7.
    102.  16398.    -74.      6.    -91.    278.      7.
    100.  16500.    -73.      6.    -91.    274.      4.
     88.  17254.    -78.      8.    -93.    229.      2.
     86.  17376.    -79.      9.    -93.    234.      3.
     82.  17617.    -78.     10.    -92.    263.      0.
     82.  17623.    -78.     10.    -92.    264.     10.
     81.  17738.    -75.     10.    -89.    260.      6.
     77.  17991.    -75.     10.    -90.    252.      0.
     75.  18176.    -74.     10.    -89.    268.      9.
     70.  18539.    -73.      9.    -88.    241.      8.
     70.  18567.    -73.      9.    -88.    241.      8.
     69.  18688.    -73.      9.    -88.    245.      8.
     68.  18752.    -73.      9.    -88.    250.      7.
     66.  18927.    -71.      8.    -88.    267.      7.
     63.  19182.    -68.      6.    -87.    288.      9.
     62.  19335.    -68.      5.    -88.    250.     10.
     60.  19536.    -66.      4.    -88.    273.      8.
     59.  19604.    -65.      3.    -88.    271.      6.
     58.  19709.    -65.      3.    -89.    259.      5.
     54.  20098.    -67.      2.    -93.    312.      6.
     54.  20168.    -67.      2.    -93.    317.      6.
     53.  20216.    -67.      2.    -93.    319.      6.
     51.  20432.    -66.      1.    -93.    264.      5.
     51.  20489.    -65.      1.    -93.    274.      5.
     50.  20589.    -65.      1.    -93.    291.      3.
     50.  20647.    -64.      1.    -94.    240.      1.
     47.  20960.    -64.      1.    -94.    257.      5.
     46.  21112.    -63.      1.    -93.    285.      5.
     39.  22160.    -59.      1.    -90.    218.      2.
     39.  22171.    -59.      1.    -90.    213.      2.
     36.  22717.    -61.      1.    -91.    179.      4.
     35.  22795.    -60.      1.    -91.    202.      5.
     34.  22991.    -57.      1.    -89.    210.      0.
     33.  23108.    -56.      1.    -88.    228.      9.
     32.  23297.    -56.      1.    -88.    273.      5.
     30.  23776.    -56.      1.    -88.    304.      1.
     29.  24067.    -55.      1.    -87.    203.      2.
