   1017.     11.     18.     83.     15.      0.      0.
   1016.     19.     18.     85.     15.    121.      1.
   1002.    141.     19.     81.     16.    101.      5.
   1000.    153.     19.     81.     16.    100.      5.
    997.    177.     19.     82.     16.     96.      6.
    981.    317.     19.     91.     17.     74.      8.
    980.    330.     19.     92.     17.     74.      8.
    949.    601.     18.     84.     15.     97.      5.
    925.    823.     18.     68.     12.     37.      2.
    906.   1002.     17.     64.     10.      0.      0.
    902.   1039.     17.     58.      9.      0.      0.
    860.   1442.     14.     71.      9.    304.      2.
    850.   1542.     14.     64.      7.    292.      4.
    818.   1869.     12.     44.      1.    296.      2.
    745.   2642.      8.     52.     -2.    213.      2.
    732.   2783.      8.     41.     -5.    182.      4.
    700.   3153.      4.     48.     -6.    222.      4.
    680.   3384.      2.     51.     -7.    228.      2.
    678.   3417.      2.     51.     -7.    224.      2.
    666.   3550.      2.     38.    -11.    235.      6.
    653.   3721.      1.     31.    -14.    218.      8.
    652.   3733.      1.     26.    -16.    219.      8.
    633.   3959.     -1.     52.     -9.    247.     10.
    630.   4000.     -1.     48.    -10.    251.     10.
    599.   4404.     -4.     48.    -13.    236.      4.
    578.   4685.     -5.     36.    -18.    243.      4.
    570.   4791.     -5.     30.    -20.    250.      5.
    562.   4900.     -5.     22.    -24.    253.      7.
    558.   4959.     -5.     17.    -27.    252.      8.
    500.   5812.    -11.     28.    -26.    239.      1.
    498.   5845.    -11.     30.    -25.    240.      1.
    488.   5996.    -12.     14.    -34.    242.      2.
    467.   6330.    -14.     11.    -39.    237.      5.
    405.   7401.    -24.     34.    -35.    250.      1.
    400.   7485.    -24.     24.    -39.    250.      1.
    383.   7798.    -25.     13.    -45.    247.      5.
    380.   7864.    -25.     13.    -46.    247.      6.
    345.   8557.    -31.     29.    -44.    246.      8.
    323.   9021.    -34.     10.    -55.    247.      1.
    317.   9144.    -34.      3.    -64.    248.      4.
    302.   9484.    -36.      7.    -60.    254.      7.
    300.   9532.    -36.      7.    -60.    254.      8.
    286.   9859.    -36.      3.    -66.    254.      4.
    283.   9942.    -36.      2.    -68.    254.      5.
    281.   9986.    -36.      2.    -68.    253.      5.
    250.  10783.    -41.      2.    -73.    258.      7.
    250.  10792.    -41.      2.    -73.    258.      7.
    228.  11426.    -46.      3.    -74.    260.      8.
    200.  12268.    -53.     11.    -71.    263.      8.
    185.  12771.    -57.     11.    -74.    260.      9.
    168.  13368.    -63.     11.    -78.    262.      8.
    152.  13988.    -66.     11.    -81.    269.      7.
    150.  14060.    -66.     11.    -82.    268.      6.
    147.  14174.    -67.     11.    -82.    264.      4.
    140.  14468.    -65.      8.    -83.    266.      9.
    122.  15314.    -70.      4.    -90.    255.      2.
    107.  16071.    -70.      4.    -92.    267.      8.
    100.  16492.    -73.      4.    -93.    253.      4.
     92.  16967.    -76.      5.    -94.    239.      5.
     91.  17065.    -77.      5.    -94.    246.      4.
     87.  17302.    -75.      6.    -92.    273.      0.
     83.  17559.    -74.      6.    -92.    263.      8.
     80.  17815.    -75.      6.    -92.    263.      8.
     76.  18081.    -75.      6.    -92.    286.      0.
     74.  18252.    -74.      6.    -91.    277.      4.
     73.  18344.    -74.      6.    -91.    256.      1.
     72.  18413.    -74.      6.    -91.    245.      2.
     70.  18566.    -74.      6.    -91.    264.      5.
     70.  18609.    -74.      6.    -92.    268.      6.
     68.  18764.    -73.      6.    -91.    284.      4.
     67.  18832.    -73.      6.    -91.    283.      3.
     64.  19075.    -71.      5.    -90.    244.      3.
     63.  19226.    -66.      4.    -87.    251.      1.
     61.  19356.    -64.      3.    -87.    237.      7.
     59.  19630.    -65.      2.    -91.    210.      7.
     57.  19813.    -65.      1.    -93.    190.      9.
     56.  19925.    -65.      1.    -93.    202.      6.
     55.  19972.    -64.      1.    -93.    216.      5.
     52.  20368.    -64.      1.    -94.      0.      0.
     50.  20599.    -64.      1.    -94.    213.      6.
     50.  20649.    -64.      1.    -94.    212.      6.
     46.  21055.    -65.      1.    -94.    334.      2.
     44.  21421.    -61.      1.    -91.    251.      4.
     38.  22347.    -57.      1.    -89.      4.      3.
     35.  22907.    -58.      1.    -90.    359.      5.
     34.  22957.    -58.      1.    -90.      4.      5.
     34.  22968.    -59.      1.    -90.      6.      5.
     33.  23229.    -58.      1.    -89.    111.      5.
     31.  23617.    -57.      1.    -89.    191.      1.
     30.  23792.    -56.      1.    -88.    315.      2.
     30.  23858.    -55.      1.    -87.    280.      2.
     28.  24335.    -55.      1.    -87.    274.      5.
     27.  24485.    -54.      1.    -87.    246.      7.
     26.  24733.    -55.      1.    -87.    242.      7.
     25.  24923.    -55.      1.    -87.    265.     10.
     24.  25162.    -55.      1.    -88.    269.      8.
     24.  25185.    -56.      1.    -88.    267.      7.
     24.  25306.    -55.      1.    -87.    247.      6.
     22.  25736.    -55.      1.    -87.    279.      8.
