   1016.     11.     23.     74.     18.     73.      3.
   1015.     20.     23.     76.     18.     86.      3.
   1000.    145.     22.     79.     18.     71.      5.
    971.    398.     20.     78.     16.     76.      8.
    925.    819.     18.     79.     14.     98.      6.
    913.    935.     17.     79.     14.     98.      5.
    872.   1323.     15.     79.     11.     66.      6.
    867.   1370.     14.     80.     11.     71.      5.
    850.   1534.     13.     87.     11.     72.      3.
    850.   1538.     13.     87.     11.     72.      3.
    835.   1692.     13.     55.      5.     51.      2.
    802.   2027.     11.     55.      3.      0.      0.
    799.   2062.     11.     54.      2.    263.      1.
    782.   2236.     12.     34.     -4.    217.      2.
    738.   2717.      8.     44.     -4.    246.      5.
    719.   2934.      6.     77.      2.    210.      9.
    706.   3079.      5.     68.      0.    227.      8.
    700.   3149.      5.     41.     -7.    230.      7.
    700.   3151.      5.     40.     -7.    230.      7.
    680.   3388.      4.     45.     -7.    243.      8.
    669.   3525.      3.     39.    -10.    234.      8.
    664.   3578.      3.     20.    -18.    234.      8.
    663.   3588.      3.     19.    -19.    235.      8.
    629.   4017.     -1.     58.     -8.    244.      9.
    623.   4097.      0.     25.    -18.    241.     10.
    588.   4552.     -2.     12.    -27.    256.      3.
    581.   4641.     -3.     30.    -18.    260.      4.
    568.   4828.     -4.     17.    -25.    253.      4.
    557.   4984.     -5.     37.    -18.    252.      5.
    513.   5620.    -10.     32.    -24.    245.      1.
    500.   5818.    -11.     12.    -35.    239.      4.
    489.   5985.    -12.     11.    -36.    238.      7.
    480.   6132.    -13.     12.    -37.    235.      5.
    433.   6899.    -19.     39.    -30.    245.      4.
    413.   7252.    -21.     12.    -43.    243.      7.
    400.   7491.    -23.     17.    -41.    237.      8.
    374.   7987.    -27.     16.    -46.    240.      8.
    357.   8310.    -28.      2.    -62.    247.      1.
    356.   8343.    -28.      2.    -62.    247.      1.
    351.   8435.    -29.      3.    -60.    245.      0.
    330.   8878.    -33.      6.    -59.    246.      7.
    320.   9094.    -34.      7.    -59.    251.      8.
    300.   9539.    -35.      2.    -69.    258.      7.
    288.   9815.    -36.      3.    -66.    258.      1.
    277.  10094.    -38.      6.    -63.    255.      4.
    250.  10791.    -42.      5.    -68.    247.      6.
    249.  10830.    -42.      4.    -69.    246.      6.
    229.  11382.    -45.      3.    -72.    249.      7.
    200.  12272.    -52.      6.    -74.    252.      9.
    160.  13661.    -63.      9.    -80.    264.      1.
    160.  13680.    -63.      9.    -80.    264.      1.
    150.  14071.    -66.      9.    -82.    265.      8.
    136.  14658.    -68.      9.    -84.    270.      1.
    125.  15161.    -69.      9.    -85.    256.      4.
    125.  15189.    -69.      9.    -86.    257.      4.
    100.  16484.    -74.      8.    -90.    265.      4.
    100.  16487.    -74.      8.    -90.    265.      4.
     93.  16907.    -75.      8.    -91.    253.      1.
     86.  17346.    -76.      9.    -91.    266.      4.
     83.  17548.    -76.      9.    -91.    257.      2.
     81.  17689.    -75.      9.    -90.    245.     10.
     77.  18006.    -73.      9.    -89.    257.      6.
     75.  18132.    -72.      9.    -88.    242.      4.
     74.  18240.    -72.      9.    -88.    229.      5.
     70.  18542.    -74.      8.    -90.    244.      6.
     70.  18564.    -74.      8.    -90.    245.      6.
     70.  18575.    -74.      8.    -90.    246.      6.
     69.  18686.    -73.      8.    -89.    239.      4.
     67.  18787.    -70.      8.    -87.    228.      5.
     65.  19045.    -70.      7.    -88.    245.      7.
     62.  19280.    -67.      5.    -86.    271.      1.
     61.  19369.    -66.      5.    -86.    268.      9.
     61.  19432.    -66.      5.    -87.    252.      8.
     60.  19526.    -65.      4.    -86.    224.      8.
     58.  19655.    -66.      3.    -88.    214.      8.
     57.  19788.    -64.      3.    -88.    237.      6.
     57.  19850.    -64.      3.    -89.    254.      5.
     55.  19967.    -63.      2.    -89.    262.      4.
     50.  20598.    -66.      1.    -93.    140.      1.
     50.  20616.    -66.      1.    -93.      0.      0.
     50.  20648.    -66.      1.    -93.    275.      1.
     47.  20928.    -63.      1.    -92.    317.      3.
     46.  21143.    -64.      1.    -93.    238.      5.
     44.  21402.    -64.      1.    -93.    300.      5.
     43.  21471.    -62.      1.    -92.    317.      6.
     33.  23184.    -56.      1.    -88.    265.      5.
     33.  23256.    -56.      1.    -88.    283.      7.
     32.  23372.    -56.      1.    -88.    306.      8.
     31.  23624.    -57.      1.    -89.    321.      7.
     30.  23746.    -57.      1.    -89.    322.      5.
     30.  23787.    -57.      1.    -89.    323.      5.
     28.  24255.    -57.      1.    -89.    255.      5.
     28.  24332.    -57.      1.    -89.    253.      5.
     26.  24735.    -54.      1.    -87.    296.      8.
     25.  24858.    -54.      1.    -87.    297.      9.
     25.  25081.    -52.      1.    -85.    269.      8.
     22.  25767.    -52.      1.    -85.    294.      8.
     21.  26046.    -51.      1.    -85.    276.      7.
     21.  26219.    -50.      1.    -84.    247.      7.
