   1016.     11.     21.     81.     17.     75.      2.
   1015.     19.     21.     83.     18.     74.      1.
   1000.    150.     20.     86.     18.     67.      6.
    981.    313.     20.     87.     18.     67.      0.
    962.    486.     20.     74.     15.     82.      9.
    941.    675.     19.     74.     14.     94.      8.
    925.    823.     18.     72.     13.     93.      9.
    874.   1304.     15.     73.     10.     75.      9.
    858.   1459.     14.     69.      9.     95.      8.
    850.   1542.     14.     71.      8.     89.      8.
    838.   1664.     13.     71.      8.     85.      8.
    806.   1986.     12.     43.      0.     59.      5.
    789.   2171.     11.     41.     -2.     21.      5.
    786.   2194.     11.     40.     -2.     17.      5.
    781.   2253.     11.     39.     -3.      2.      4.
    755.   2532.      9.     42.     -4.    332.      3.
    738.   2718.      8.     41.     -5.    314.      5.
    723.   2890.      6.     50.     -4.    334.      6.
    706.   3084.      5.     47.     -6.    324.      7.
    700.   3153.      4.     51.     -5.    308.      7.
    696.   3200.      4.     51.     -6.    302.      7.
    662.   3605.      1.     44.    -10.    317.      1.
    656.   3674.      0.     48.    -10.    312.      1.
    637.   3918.     -1.     51.    -10.    284.      2.
    630.   4006.     -1.     54.     -9.    269.      2.
    616.   4183.     -3.     60.    -10.    271.      1.
    550.   5074.     -8.     13.    -32.    261.      6.
    514.   5592.    -12.     16.    -33.    260.      3.
    504.   5743.    -12.      5.    -45.    253.      2.
    500.   5800.    -12.      4.    -47.    253.      1.
    495.   5874.    -12.      3.    -49.    254.      0.
    454.   6541.    -16.      4.    -48.    245.      1.
    428.   6968.    -19.      2.    -58.    247.      9.
    410.   7304.    -19.      1.    -62.    257.      0.
    400.   7480.    -19.      1.    -63.    259.      4.
    392.   7622.    -20.      1.    -63.    257.      5.
    386.   7741.    -19.      1.    -63.    258.      7.
    334.   8810.    -28.     14.    -47.    274.      6.
    300.   9565.    -34.     18.    -50.    268.      9.
    297.   9629.    -35.     19.    -50.    267.      9.
    256.  10660.    -40.      4.    -67.    268.      1.
    250.  10822.    -41.      4.    -68.    269.      2.
    238.  11147.    -44.      5.    -69.    270.      3.
    200.  12298.    -53.      5.    -76.    270.      0.
    194.  12496.    -55.      6.    -76.    271.      1.
    162.  13623.    -63.      8.    -81.    266.      3.
    152.  14022.    -67.      9.    -83.    267.      1.
    150.  14093.    -67.     10.    -83.    267.      1.
    137.  14628.    -69.      9.    -85.    263.      5.
    106.  16138.    -76.      7.    -93.    268.      7.
    100.  16482.    -77.      8.    -92.    268.      5.
    100.  16488.    -77.      8.    -92.    268.      5.
     96.  16698.    -77.      8.    -93.    266.      2.
     89.  17136.    -77.      8.    -92.    262.      8.
     79.  17822.    -73.      7.    -90.    276.      5.
     77.  18028.    -72.      6.    -90.    263.      5.
     75.  18134.    -73.      6.    -91.    255.      5.
     71.  18501.    -75.      6.    -92.    280.      7.
     70.  18559.    -75.      6.    -92.    279.      6.
     68.  18757.    -74.      6.    -92.    268.      3.
     66.  18867.    -75.      6.    -92.    270.      4.
     65.  18980.    -70.      6.    -89.    280.      4.
     63.  19156.    -70.      5.    -89.    291.      2.
     62.  19269.    -68.      4.    -89.    277.      6.
     61.  19374.    -67.      4.    -89.    233.      5.
     60.  19455.    -67.      3.    -90.    226.      6.
     58.  19717.    -67.      2.    -91.    282.      6.
     55.  20016.    -65.      2.    -92.    212.      1.
     55.  20038.    -64.      2.    -92.    176.      1.
     52.  20363.    -66.      1.    -94.    188.      3.
     50.  20578.    -66.      1.    -94.    172.      5.
     48.  20849.    -65.      1.    -95.    172.      4.
     46.  21153.    -61.      1.    -91.    110.      3.
     44.  21302.    -61.      1.    -92.    139.      5.
     42.  21612.    -62.      1.    -92.    161.      5.
     39.  22082.    -63.      1.    -93.    209.      4.
     34.  22975.    -60.      1.    -91.    309.      5.
     33.  23150.    -60.      1.    -91.    318.      7.
     32.  23382.    -59.      1.    -90.    357.      6.
     31.  23460.    -60.      1.    -91.    356.      5.
     30.  23744.    -56.      1.    -88.    349.      5.
     29.  23931.    -54.      1.    -87.     21.      7.
     29.  24016.    -54.      1.    -87.     20.      9.
     28.  24287.    -54.      1.    -87.     17.      5.
     26.  24651.    -55.      1.    -87.     69.      5.
     25.  24860.    -54.      1.    -86.     98.      4.
     24.  25107.    -54.      1.    -87.    200.      1.
     21.  25976.    -55.      1.    -88.    246.      5.
     21.  26081.    -54.      1.    -87.    241.      5.
     21.  26195.    -53.      1.    -86.    258.      6.
     20.  26228.    -53.      1.    -86.    261.      7.
     20.  26342.    -54.      1.    -86.    263.      7.
     18.  26875.    -56.      1.    -88.    280.      6.
     18.  26974.    -56.      1.    -88.    274.      7.
     18.  27075.    -56.      1.    -88.    269.      8.
     17.  27486.    -53.      1.    -86.    293.      6.
     17.  27586.    -53.      1.    -86.    276.      5.
     16.  27665.    -53.      1.    -86.    260.      6.
     15.  28074.    -52.      1.    -85.    279.      2.
