   1014.     11.     24.     62.     16.     65.      4.
   1014.     16.     24.     64.     17.     86.      3.
   1008.     60.     24.     64.     17.     88.      5.
   1000.    133.     24.     65.     17.     93.     10.
    991.    208.     23.     65.     16.     94.      2.
    937.    694.     19.     70.     14.    124.      5.
    925.    809.     19.     62.     12.    124.      6.
    924.    820.     19.     62.     12.    125.      6.
    915.    903.     19.     62.     11.    126.      5.
    909.    962.     19.     56.     10.    127.      5.
    881.   1223.     18.     45.      6.    104.      2.
    850.   1533.     16.     50.      5.     95.      2.
    845.   1584.     15.     51.      5.     94.      2.
    832.   1709.     14.     52.      5.     82.      0.
    825.   1787.     16.     37.      1.     69.      8.
    751.   2570.      9.     49.     -1.    349.      2.
    714.   2991.      6.     48.     -4.    328.      5.
    700.   3153.      5.     52.     -4.    324.      6.
    690.   3274.      4.     55.     -5.    328.      6.
    686.   3320.      3.     52.     -6.    328.      7.
    657.   3660.      1.     38.    -12.    300.      9.
    652.   3727.      1.     36.    -13.    304.      8.
    644.   3827.      1.     19.    -20.    309.      8.
    632.   3973.      1.      7.    -30.    302.      8.
    619.   4140.      0.     10.    -28.    293.      9.
    586.   4576.     -2.      2.    -46.    295.      1.
    574.   4751.     -3.      1.    -50.    277.      1.
    545.   5146.     -5.      1.    -50.    283.      3.
    537.   5272.     -5.      3.    -45.    272.      3.
    528.   5399.     -6.      4.    -43.    265.      6.
    500.   5824.     -9.      7.    -40.    270.      8.
    485.   6058.    -10.      5.    -44.    280.      0.
    450.   6641.    -15.     10.    -40.    266.      2.
    441.   6777.    -16.     12.    -39.    267.      5.
    430.   6971.    -17.      9.    -42.    273.      7.
    412.   7298.    -19.     11.    -43.    277.      0.
    400.   7513.    -21.     33.    -33.    271.      3.
    396.   7580.    -21.     35.    -33.    270.      4.
    377.   7942.    -22.     25.    -37.    263.      8.
    361.   8274.    -24.      6.    -51.    276.      9.
    351.   8478.    -25.      8.    -50.    283.      2.
    335.   8801.    -27.     25.    -41.    280.      8.
    328.   8963.    -28.     18.    -45.    277.      9.
    319.   9152.    -29.     16.    -47.    272.      8.
    300.   9597.    -33.     16.    -50.    269.      7.
    293.   9757.    -34.     19.    -50.    266.      7.
    285.   9967.    -36.     19.    -51.    267.      7.
    271.  10312.    -38.     13.    -57.    270.      7.
    250.  10855.    -41.      9.    -62.    274.      7.
    200.  12335.    -52.      4.    -76.    272.      7.
    191.  12639.    -54.      4.    -79.    273.      9.
    190.  12659.    -54.      4.    -79.    273.      9.
    150.  14138.    -67.      9.    -83.    274.      6.
    139.  14607.    -71.     14.    -84.    270.      5.
    138.  14656.    -71.     14.    -84.    270.      4.
    135.  14771.    -69.     15.    -82.    274.     10.
    129.  15052.    -71.     13.    -84.    276.      7.
    114.  15783.    -73.     11.    -87.    267.      0.
    100.  16522.    -79.     13.    -91.    258.      3.
     96.  16774.    -80.     15.    -92.    270.      8.
     94.  16881.    -79.     15.    -90.    278.      6.
     92.  16977.    -78.     15.    -89.    276.      4.
     91.  17038.    -78.     15.    -89.    272.      3.
     88.  17282.    -79.     15.    -91.    262.      5.
     85.  17419.    -80.     16.    -91.    268.      5.
     85.  17449.    -79.     16.    -90.    270.      5.
     81.  17733.    -78.     16.    -89.    270.      8.
     79.  17893.    -76.     16.    -88.    250.      4.
     76.  18059.    -76.     15.    -88.    226.      4.
     76.  18080.    -75.     15.    -87.    225.      4.
     73.  18316.    -76.     14.    -88.    236.      4.
     72.  18423.    -75.     14.    -88.    247.      2.
     70.  18563.    -75.     14.    -87.    238.      1.
     69.  18651.    -74.     13.    -87.    231.      2.
     66.  18879.    -71.     11.    -86.    243.      3.
     63.  19154.    -69.      8.    -85.    224.      0.
     60.  19533.    -66.      5.    -86.    239.      5.
     59.  19580.    -65.      4.    -87.    239.      4.
     58.  19672.    -66.      4.    -88.    250.      3.
     55.  19965.    -67.      2.    -91.    276.      4.
     51.  20420.    -64.      1.    -94.      3.      5.
     51.  20443.    -64.      1.    -94.      5.      5.
     50.  20590.    -64.      1.    -94.    341.      3.
     45.  21204.    -63.      1.    -93.      0.      0.
     44.  21326.    -63.      1.    -93.    301.      3.
     43.  21519.    -60.      1.    -91.    326.      2.
     41.  21790.    -60.      1.    -91.    345.      5.
     41.  21892.    -59.      1.    -90.      2.      7.
     40.  21916.    -59.      1.    -90.      6.      7.
     40.  22021.    -59.      1.    -90.     25.      5.
     35.  22767.    -62.      1.    -92.    146.      1.
     34.  23082.    -62.      1.    -92.     99.      5.
     33.  23238.    -62.      1.    -93.    122.      6.
     30.  23759.    -61.      1.    -91.    242.      3.
     27.  24409.    -58.      1.    -90.    276.      5.
     27.  24533.    -58.      1.    -89.    268.      5.
     26.  24594.    -57.      1.    -89.    268.      5.
     25.  24889.    -54.      1.    -87.    307.      1.
     24.  25068.    -53.      1.    -86.    315.      8.
