   1016.     11.     22.     72.     17.     70.      2.
   1015.     19.     22.     76.     18.     62.      2.
   1000.    150.     22.     76.     17.     82.      7.
    938.    707.     20.     61.     12.    131.      0.
    925.    824.     19.     61.     11.    137.     10.
    918.    894.     19.     61.     11.    136.      0.
    914.    930.     19.     57.     11.    135.      1.
    909.    978.     20.     53.     10.    134.      1.
    883.   1224.     18.     47.      7.    118.      7.
    850.   1549.     16.     51.      6.    106.      8.
    839.   1664.     15.     53.      5.     95.      7.
    823.   1820.     13.     55.      4.     92.      6.
    812.   1930.     14.     40.      0.     96.      5.
    812.   1940.     14.     39.      0.     96.      5.
    798.   2081.     13.     34.     -2.     62.      3.
    778.   2296.     11.     38.     -3.     14.      1.
    717.   2971.      5.     49.     -5.    303.      5.
    700.   3163.      3.     54.     -5.    312.      7.
    671.   3507.      0.     65.     -6.    315.      7.
    655.   3701.     -2.     65.     -7.    301.      8.
    650.   3753.     -1.     46.    -11.    299.      8.
    649.   3771.     -1.     31.    -16.    296.      8.
    642.   3856.      0.     22.    -20.    278.      7.
    639.   3900.      0.     18.    -22.    274.      8.
    591.   4516.     -3.     14.    -27.    269.      3.
    558.   4972.     -5.      9.    -33.    282.      8.
    516.   5586.     -9.      3.    -46.    273.      3.
    511.   5659.     -8.      3.    -47.    274.      6.
    504.   5759.     -8.      6.    -40.    268.      7.
    500.   5823.     -9.     21.    -27.    266.      7.
    494.   5921.     -9.     23.    -27.    265.      5.
    473.   6253.    -13.     25.    -29.    270.      8.
    465.   6386.    -12.      2.    -52.    269.      9.
    437.   6854.    -13.      1.    -57.    269.      0.
    420.   7156.    -16.      2.    -57.    268.      7.
    400.   7522.    -19.      2.    -56.    274.      1.
    385.   7805.    -21.      3.    -55.    286.      3.
    382.   7867.    -21.      3.    -54.    289.      6.
    381.   7885.    -21.      3.    -54.    289.      7.
    345.   8610.    -25.     16.    -44.    281.      7.
    328.   8983.    -29.     16.    -47.    281.      6.
    318.   9203.    -28.      5.    -56.    270.      4.
    310.   9390.    -30.      8.    -54.    268.      6.
    300.   9611.    -32.      9.    -54.    271.      4.
    261.  10591.    -41.     20.    -55.    264.      4.
    250.  10870.    -42.     11.    -62.    269.      4.
    224.  11598.    -47.      3.    -75.    275.      2.
    200.  12344.    -53.      4.    -77.    270.      5.
    194.  12552.    -55.      7.    -76.    271.      5.
    179.  13065.    -58.      6.    -79.    279.      1.
    150.  14144.    -66.      5.    -86.    274.      1.
    128.  15077.    -73.      8.    -89.    275.     10.
    127.  15136.    -73.      8.    -89.    274.      9.
    122.  15388.    -72.      9.    -88.    267.      3.
    115.  15738.    -73.      8.    -89.    267.      7.
    112.  15900.    -74.      7.    -90.    261.      7.
    100.  16526.    -78.      9.    -93.    274.      7.
     99.  16583.    -79.      9.    -93.    275.      7.
     97.  16726.    -79.      9.    -93.    280.      6.
     89.  17183.    -77.      9.    -92.    261.      4.
     86.  17370.    -78.     10.    -93.    251.      2.
     82.  17669.    -80.     10.    -94.    249.      4.
     71.  18492.    -76.     10.    -91.    266.      7.
     70.  18561.    -77.     10.    -91.    265.      6.
     69.  18689.    -77.     10.    -92.    263.      5.
     68.  18699.    -77.     10.    -91.    263.      5.
     65.  19009.    -72.      8.    -88.    283.      6.
     63.  19185.    -71.      7.    -89.    267.      4.
     60.  19424.    -68.      5.    -88.    282.      9.
     60.  19455.    -67.      4.    -88.    280.      7.
     59.  19571.    -66.      4.    -88.    245.      3.
     55.  19950.    -64.      1.    -92.     19.      3.
     52.  20364.    -66.      1.    -95.      0.      0.
     51.  20451.    -66.      1.    -95.    176.      2.
     50.  20576.    -63.      1.    -93.    131.      3.
     48.  20787.    -64.      1.    -94.    125.      4.
     46.  21114.    -61.      1.    -92.    160.      3.
     40.  22029.    -63.      1.    -93.    150.      5.
     39.  22052.    -63.      1.    -93.    150.      5.
     39.  22172.    -62.      1.    -93.    162.      6.
     36.  22681.    -62.      1.    -92.      9.      5.
     34.  22878.    -62.      1.    -92.     25.      6.
     33.  23215.    -61.      1.    -91.    329.      5.
     32.  23363.    -61.      1.    -92.    334.      6.
     31.  23483.    -61.      1.    -92.     13.      5.
     31.  23532.    -60.      1.    -91.     28.      6.
     30.  23739.    -58.      1.    -90.     26.      0.
     29.  23929.    -58.      1.    -90.     35.      3.
     28.  24279.    -58.      1.    -90.     49.      7.
     27.  24459.    -57.      1.    -88.     26.     10.
     26.  24776.    -56.      1.    -88.     66.      8.
     25.  25016.    -57.      1.    -89.     66.      6.
     24.  25051.    -57.      1.    -89.     68.      5.
     24.  25239.    -58.      1.    -89.    159.      1.
     22.  25606.    -56.      1.    -88.    277.      5.
     22.  25682.    -55.      1.    -87.    277.      6.
     21.  25862.    -55.      1.    -87.    316.      6.
     20.  26310.    -54.      1.    -87.    266.      6.
     20.  26345.    -54.      1.    -87.    266.      6.
