   1015.     11.     25.     65.     18.     74.      3.
   1014.     19.     24.     68.     18.     62.      3.
   1000.    137.     24.     70.     18.     80.      7.
    979.    322.     22.     73.     17.     91.      9.
    945.    628.     20.     74.     16.    128.      0.
    925.    814.     19.     74.     15.    134.      1.
    916.    897.     19.     76.     14.    142.      1.
    900.   1047.     18.     67.     12.    140.      2.
    880.   1240.     19.     50.      8.    128.      9.
    859.   1446.     17.     48.      6.    100.      6.
    850.   1539.     16.     46.      5.    106.      6.
    845.   1588.     16.     45.      4.    109.      6.
    834.   1697.     15.     42.      3.     95.      7.
    822.   1823.     16.     31.     -2.     80.      5.
    821.   1833.     15.     31.     -2.     79.      5.
    793.   2130.     13.     34.     -3.     66.      1.
    700.   3157.      4.     56.     -4.    280.      3.
    686.   3320.      3.     57.     -5.    319.      5.
    670.   3511.      1.     61.     -5.    288.      6.
    669.   3528.      1.     66.     -4.    287.      5.
    631.   3994.      0.     25.    -18.    230.      5.
    618.   4166.     -1.     33.    -15.    263.      3.
    614.   4206.     -1.     36.    -14.    267.      3.
    594.   4482.      1.     12.    -25.    255.      2.
    589.   4541.      1.      8.    -30.    254.      2.
    565.   4878.      0.      3.    -42.    285.      4.
    553.   5046.      0.      1.    -50.    279.      7.
    503.   5807.     -5.      3.    -45.    281.      0.
    500.   5847.     -6.      3.    -45.    281.     10.
    469.   6352.     -9.      2.    -53.    271.      3.
    415.   7270.    -17.      3.    -53.    273.      7.
    400.   7552.    -18.      2.    -56.    274.      9.
    370.   8129.    -23.     24.    -38.    278.      6.
    358.   8369.    -23.     13.    -44.    286.      2.
    326.   9044.    -27.     17.    -45.    273.      8.
    323.   9116.    -28.     17.    -45.    272.      9.
    300.   9643.    -32.     13.    -52.    267.      9.
    277.  10199.    -37.     27.    -50.    262.      0.
    260.  10645.    -41.     20.    -55.    259.      1.
    250.  10900.    -43.     18.    -58.    260.      0.
    249.  10938.    -43.     16.    -59.    260.      0.
    228.  11516.    -47.      6.    -69.    266.      2.
    207.  12152.    -51.      6.    -73.    281.      3.
    200.  12373.    -52.      6.    -74.    280.      3.
    196.  12503.    -53.      6.    -75.    279.      4.
    150.  14173.    -67.     15.    -80.    275.      5.
    144.  14437.    -69.     16.    -81.    275.      6.
    138.  14662.    -71.     18.    -82.    278.      3.
    116.  15695.    -76.     20.    -86.    265.      6.
    107.  16139.    -73.     17.    -85.    256.      9.
    107.  16171.    -73.     17.    -85.    255.      9.
    100.  16548.    -76.     16.    -87.    272.      4.
    100.  16551.    -76.     16.    -87.    272.      4.
     89.  17241.    -80.     16.    -91.    254.      0.
     88.  17261.    -80.     17.    -91.    256.      1.
     83.  17615.    -80.     17.    -90.    278.      2.
     82.  17681.    -79.     17.    -90.    281.      2.
     80.  17835.    -76.     17.    -87.    286.      6.
     77.  18030.    -73.     17.    -85.    267.      6.
     77.  18053.    -73.     17.    -85.    267.      6.
     74.  18246.    -74.     16.    -86.    276.      4.
     71.  18498.    -74.     15.    -87.    253.      3.
     71.  18507.    -75.     15.    -87.    253.      3.
     70.  18603.    -74.     15.    -87.    258.      2.
     68.  18743.    -74.     14.    -86.    266.      9.
     67.  18852.    -73.     14.    -86.    254.      6.
     66.  18914.    -72.     13.    -85.    234.      5.
     65.  19009.    -72.     13.    -86.    201.      6.
     64.  19087.    -72.     13.    -86.    198.      7.
     62.  19307.    -72.     11.    -86.    247.     10.
     61.  19422.    -72.     11.    -86.    257.      2.
     57.  19791.    -70.      9.    -86.    251.      7.
     57.  19825.    -70.      8.    -86.    250.      8.
     56.  19955.    -65.      7.    -84.    215.      6.
     55.  20000.    -65.      7.    -84.    202.      6.
     53.  20226.    -66.      5.    -86.    203.      8.
     50.  20610.    -63.      3.    -86.    277.      8.
     49.  20708.    -63.      3.    -87.    291.      8.
     47.  20963.    -62.      2.    -87.    303.      6.
     46.  21070.    -61.      2.    -88.    330.      7.
     45.  21230.    -62.      2.    -88.    350.      6.
     43.  21597.    -63.      2.    -90.    338.      5.
     42.  21729.    -63.      2.    -90.    345.      5.
     39.  22187.    -61.      2.    -89.    327.      5.
     37.  22536.    -62.      2.    -90.     68.      5.
     36.  22697.    -62.      1.    -90.     62.      3.
     35.  22836.    -61.      1.    -90.     69.      2.
     32.  23339.    -58.      1.    -88.    110.      8.
     32.  23428.    -57.      1.    -88.    118.      9.
     31.  23594.    -58.      1.    -88.    134.      2.
     30.  23784.    -59.      1.    -89.    153.     10.
     29.  24002.    -60.      1.    -89.    174.      8.
     29.  24030.    -60.      1.    -89.    177.      8.
     28.  24131.    -59.      1.    -89.    202.      5.
     26.  24659.    -57.      1.    -88.    253.      2.
     24.  25078.    -57.      1.    -88.    287.      6.
     24.  25302.    -56.      1.    -88.    320.      9.
     23.  25481.    -56.      1.    -88.    339.      7.
     22.  25877.    -55.      1.    -87.    309.      7.
