   1016.     11.     19.     78.     15.    209.      1.
   1014.     28.     19.     79.     16.    169.      1.
   1003.    114.     19.     80.     16.    163.      1.
   1000.    144.     19.     83.     16.    163.      1.
    973.    380.     21.     65.     14.     21.      1.
    925.    817.     18.     82.     15.    299.      3.
    919.    877.     18.     84.     15.    322.      2.
    895.   1098.     17.     68.     11.      0.      0.
    850.   1538.     15.     57.      6.     47.      1.
    814.   1899.     13.     53.      3.    155.      2.
    801.   2034.     13.     39.     -1.    171.      2.
    735.   2749.      7.     43.     -5.    259.      6.
    711.   3021.      4.     50.     -5.    239.      6.
    700.   3151.      3.     47.     -7.    247.      8.
    694.   3220.      3.     43.     -8.    255.      9.
    684.   3335.      3.     32.    -12.    264.     10.
    672.   3486.      3.     16.    -20.    265.      2.
    641.   3866.      2.      5.    -34.    266.      9.
    614.   4208.      1.      6.    -33.    268.      6.
    609.   4281.      1.      6.    -32.    270.      4.
    605.   4330.      4.      2.    -43.    270.      4.
    597.   4438.      4.      1.    -48.    268.      5.
    582.   4637.      3.      1.    -49.    270.      3.
    500.   5851.     -5.      3.    -44.    272.      9.
    495.   5939.     -5.      7.    -36.    271.     10.
    459.   6525.    -10.     10.    -37.    267.      2.
    431.   6999.    -14.     13.    -36.    283.      7.
    405.   7463.    -19.     16.    -38.    281.      7.
    400.   7558.    -19.     11.    -42.    280.      9.
    335.   8848.    -28.      6.    -55.    273.      7.
    300.   9637.    -35.     26.    -48.    272.      0.
    297.   9699.    -35.     26.    -48.    270.      1.
    296.   9741.    -35.     21.    -50.    268.      2.
    290.   9882.    -35.      5.    -62.    266.      1.
    252.  10843.    -43.      8.    -64.    278.      1.
    250.  10892.    -43.      8.    -64.    279.      1.
    210.  12061.    -51.      6.    -73.    288.      5.
    200.  12365.    -53.      5.    -76.    287.      4.
    165.  13572.    -63.      8.    -80.    278.      2.
    150.  14161.    -66.     11.    -81.    273.      1.
    135.  14789.    -71.     11.    -86.    274.      9.
    120.  15464.    -75.     13.    -88.    265.      2.
    112.  15890.    -76.     11.    -90.    261.      8.
    105.  16230.    -78.     10.    -92.    266.      6.
    100.  16533.    -77.      9.    -91.    269.      2.
     92.  16996.    -77.      9.    -92.    257.      4.
     87.  17327.    -76.      9.    -91.    280.      6.
     85.  17464.    -75.      9.    -91.    268.      4.
     85.  17503.    -76.      9.    -91.    263.      4.
     82.  17659.    -76.      9.    -91.    244.      5.
     78.  17966.    -79.      9.    -93.    246.      8.
     77.  18008.    -79.      9.    -94.    249.      8.
     75.  18172.    -78.      9.    -92.    261.      5.
     73.  18335.    -77.      9.    -92.    254.      0.
     70.  18584.    -76.      9.    -91.    248.      3.
     70.  18595.    -76.      9.    -91.    248.      3.
     66.  18901.    -75.      8.    -91.    253.      3.
     65.  18981.    -72.      8.    -88.    260.      4.
     65.  19063.    -70.      7.    -87.    266.      3.
     64.  19152.    -69.      7.    -87.    259.      1.
     62.  19260.    -69.      6.    -88.    247.      0.
     62.  19348.    -70.      5.    -89.    250.      1.
     60.  19481.    -68.      4.    -89.    263.      2.
     58.  19713.    -65.      3.    -89.    323.     10.
     58.  19724.    -65.      3.    -89.    324.     10.
     57.  19848.    -65.      2.    -90.    329.      7.
     55.  20000.    -65.      1.    -93.    302.      5.
     52.  20324.    -65.      1.    -94.    309.      6.
     52.  20425.    -64.      1.    -94.    301.      4.
     51.  20521.    -65.      1.    -94.      0.      0.
     50.  20603.    -65.      1.    -94.    140.      2.
     48.  20859.    -66.      1.    -95.    122.      2.
     45.  21197.    -64.      1.    -94.    170.      6.
     45.  21280.    -64.      1.    -94.    168.      7.
     43.  21506.    -63.      1.    -93.      0.      0.
     43.  21539.    -63.      1.    -93.      0.      0.
     37.  22390.    -65.      1.    -94.    175.      2.
     36.  22677.    -62.      1.    -92.    258.      2.
     34.  23000.    -59.      1.    -90.    277.      4.
     33.  23245.    -59.      1.    -90.    322.      5.
     31.  23627.    -59.      1.    -90.     28.     10.
     30.  23755.    -58.      1.    -89.     34.     10.
     29.  23879.    -57.      1.    -89.     46.      1.
     28.  24216.    -58.      1.    -89.     77.      9.
     28.  24303.    -57.      1.    -89.     73.      6.
     27.  24418.    -56.      1.    -88.     33.      5.
     25.  24957.    -56.      1.    -88.     58.      5.
     24.  25066.    -56.      1.    -88.     98.      3.
     23.  25370.    -56.      1.    -88.    232.      5.
     23.  25507.    -55.      1.    -88.    224.      5.
     22.  25708.    -55.      1.    -87.    248.      6.
     20.  26224.    -55.      1.    -87.    264.      8.
     20.  26333.    -55.      1.    -87.    254.      7.
     19.  26519.    -54.      1.    -86.    225.      0.
     18.  26886.    -52.      1.    -85.    224.      3.
     18.  26941.    -52.      1.    -85.    226.      3.
     17.  27256.    -53.      1.    -86.    252.      3.
     16.  27716.    -54.      1.    -87.    253.      2.
     14.  28579.    -52.      1.    -85.    248.      8.
