   1013.     11.     22.     81.     18.      0.      0.
   1011.     29.     22.     86.     20.      0.      0.
   1000.    126.     22.     82.     19.      0.      0.
    932.    739.     18.     94.     17.    128.      3.
    925.    801.     20.     79.     16.    143.      3.
    923.    820.     21.     72.     15.    155.      2.
    908.    957.     21.     50.     10.    271.      4.
    903.   1010.     23.     23.      1.    274.      4.
    850.   1530.     18.     33.      2.    279.      5.
    814.   1899.     14.     42.      2.    300.      5.
    786.   2189.     12.     49.      2.    276.      8.
    760.   2477.      9.     53.      0.    286.      9.
    741.   2681.      8.     63.      1.    282.      9.
    700.   3148.      4.     73.      0.    259.      4.
    685.   3327.      3.     84.      1.    257.      7.
    684.   3338.      3.     84.      1.    257.      7.
    670.   3501.      2.     59.     -5.    258.      5.
    643.   3842.      6.      6.    -29.    267.      7.
    629.   4015.      5.      1.    -47.    274.      8.
    619.   4141.      5.      1.    -47.    273.      9.
    546.   5162.     -1.      8.    -31.    273.      1.
    500.   5853.     -7.     14.    -30.    268.     10.
    477.   6220.    -10.     20.    -29.    266.     10.
    475.   6258.    -11.     21.    -29.    265.     10.
    466.   6395.    -11.      9.    -37.    263.      2.
    419.   7215.    -15.      4.    -48.    270.      9.
    400.   7556.    -18.      5.    -48.    273.      0.
    397.   7616.    -18.      5.    -48.    275.      2.
    315.   9297.    -32.     17.    -49.    264.      6.
    308.   9455.    -31.      5.    -58.    263.      6.
    300.   9640.    -32.      3.    -65.    262.      7.
    292.   9820.    -33.      3.    -64.    259.      8.
    251.  10874.    -42.      6.    -66.    268.      0.
    250.  10901.    -42.      6.    -66.    267.      0.
    212.  12010.    -51.      6.    -72.    274.      9.
    200.  12373.    -54.      5.    -76.    273.      8.
    161.  13751.    -64.     12.    -79.    284.      3.
    150.  14166.    -67.     16.    -80.    279.      2.
    140.  14599.    -71.     19.    -82.    277.      3.
    115.  15705.    -78.     22.    -87.    265.      9.
    113.  15831.    -78.     22.    -88.    270.     10.
    113.  15842.    -78.     22.    -88.    271.     10.
    108.  16085.    -77.     21.    -87.    286.      5.
    100.  16523.    -77.     20.    -87.    267.      7.
    100.  16526.    -77.     20.    -87.    267.      7.
     90.  17109.    -78.     18.    -89.    247.      7.
     86.  17414.    -77.     17.    -88.    265.      1.
     81.  17750.    -79.     16.    -90.    257.      9.
     81.  17772.    -78.     16.    -90.    257.      9.
     77.  18065.    -74.     16.    -86.    270.      6.
     72.  18428.    -75.     14.    -87.    279.      5.
     70.  18584.    -75.     14.    -87.    271.      1.
     70.  18629.    -75.     14.    -87.    267.      1.
     68.  18790.    -76.     13.    -88.    259.      3.
     66.  18905.    -73.     13.    -86.    261.      6.
     65.  19060.    -71.     12.    -85.    261.      0.
     64.  19091.    -70.     12.    -85.    257.      9.
     64.  19152.    -71.     12.    -85.    248.      8.
     62.  19252.    -71.     11.    -85.    226.      8.
     62.  19333.    -71.     10.    -86.    227.      7.
     60.  19480.    -69.      9.    -85.    253.      6.
     58.  19709.    -67.      7.    -85.    208.      8.
     57.  19789.    -67.      6.    -85.    194.      8.
     55.  19987.    -67.      5.    -87.    198.      2.
     52.  20305.    -65.      3.    -88.    210.      6.
     51.  20505.    -64.      3.    -88.    254.      3.
     50.  20595.    -64.      2.    -89.    266.      4.
     49.  20723.    -63.      2.    -90.    267.      6.
     47.  20986.    -62.      1.    -90.    335.      5.
     40.  22022.    -60.      1.    -91.    341.      5.
     39.  22092.    -59.      1.    -90.    358.      6.
     38.  22245.    -60.      1.    -91.     17.      8.
     36.  22600.    -61.      1.    -92.     45.      2.
     35.  22899.    -61.      1.    -92.     92.      5.
     33.  23181.    -61.      1.    -92.    108.      5.
     33.  23236.    -61.      1.    -92.    111.      5.
     31.  23673.    -60.      1.    -91.    193.      0.
     30.  23767.    -59.      1.    -91.    206.     10.
     29.  23971.    -59.      1.    -90.    238.      8.
     28.  24157.    -58.      1.    -89.    245.     10.
     27.  24360.    -56.      1.    -88.    221.      7.
     25.  24956.    -52.      1.    -85.    266.     10.
     25.  24965.    -52.      1.    -85.    267.     10.
     22.  25627.    -54.      1.    -86.    223.      9.
     22.  25640.    -54.      1.    -86.    223.      9.
     22.  25858.    -53.      1.    -86.    248.      5.
     20.  26365.    -52.      1.    -86.    251.      9.
     20.  26499.    -52.      1.    -85.    255.      2.
     19.  26590.    -51.      1.    -85.    248.      4.
     19.  26848.    -53.      1.    -86.    238.      6.
     17.  27279.    -54.      1.    -87.    260.      4.
     16.  27686.    -56.      1.    -88.    254.      6.
     16.  27728.    -56.      1.    -88.    999.     10.
