   1014.     11.     18.     82.     15.    237.      1.
   1012.     28.     18.     84.     16.    176.      2.
   1000.    131.     18.     82.     15.    191.      3.
    971.    382.     18.     99.     18.    355.      5.
    967.    419.     18.     98.     18.    339.      5.
    925.    800.     17.     84.     14.    237.      4.
    922.    825.     16.     90.     15.    235.      4.
    912.    921.     18.     56.      9.    233.      2.
    896.   1070.     17.     69.     12.    242.      3.
    888.   1148.     18.     42.      5.    230.      2.
    882.   1203.     18.     42.      5.      0.      0.
    871.   1316.     17.     53.      7.    133.      2.
    856.   1464.     16.     32.      0.    192.      1.
    850.   1522.     16.     33.      0.    199.      2.
    803.   2001.     14.     42.      1.    216.      5.
    802.   2012.     13.     42.      1.    215.      6.
    787.   2174.     12.     46.      1.    234.      7.
    766.   2395.     10.     51.      0.    222.      7.
    747.   2602.      8.     59.      1.    255.      8.
    700.   3137.      3.     80.      0.    242.     10.
    699.   3153.      3.     81.      0.    242.      9.
    686.   3296.      2.     80.     -1.    252.      4.
    681.   3364.      2.     71.     -3.    250.      6.
    675.   3431.      5.     15.    -20.    254.      4.
    671.   3476.      5.      8.    -27.    259.      2.
    664.   3569.      5.      9.    -26.    268.      2.
    656.   3670.      5.     11.    -23.    281.      4.
    643.   3830.      5.      7.    -29.    272.      5.
    637.   3901.      5.     10.    -24.    267.      6.
    584.   4600.      2.      5.    -35.    268.      9.
    500.   5833.     -8.     15.    -31.    249.      4.
    498.   5864.     -8.     14.    -32.    249.      4.
    479.   6158.    -10.     10.    -36.    252.      3.
    475.   6227.    -10.      5.    -42.    259.      3.
    472.   6279.    -10.      5.    -43.    260.      4.
    426.   7062.    -16.     29.    -30.    261.      4.
    400.   7531.    -20.     41.    -30.    255.      3.
    390.   7710.    -22.     46.    -30.    253.      4.
    387.   7778.    -21.     26.    -36.    253.      3.
    379.   7932.    -22.     14.    -42.    253.      0.
    340.   8717.    -26.      6.    -53.    247.      6.
    330.   8939.    -27.      6.    -54.    253.      9.
    300.   9616.    -32.      9.    -54.    263.      1.
    292.   9798.    -34.     11.    -55.    264.      2.
    278.  10148.    -37.     13.    -56.    264.      1.
    250.  10874.    -42.      4.    -69.    261.      1.
    248.  10920.    -42.      3.    -70.    261.      1.
    230.  11441.    -46.      3.    -75.    259.      9.
    200.  12349.    -53.      4.    -77.    273.      1.
    190.  12671.    -56.      5.    -78.    275.      2.
    178.  13089.    -60.      8.    -78.    272.      2.
    169.  13428.    -61.      6.    -81.    268.      1.
    150.  14128.    -67.      9.    -83.    274.      3.
    150.  14140.    -67.      9.    -83.    274.      3.
    111.  15901.    -79.     13.    -91.    263.      3.
    110.  15972.    -80.     13.    -92.    265.      2.
    100.  16499.    -79.     15.    -91.    261.      3.
     95.  16785.    -76.     13.    -88.    256.     10.
     91.  17048.    -78.     11.    -91.    259.      1.
     86.  17397.    -76.     10.    -90.    270.      9.
     81.  17725.    -78.      9.    -93.    258.      0.
     78.  17895.    -77.     10.    -91.    247.      2.
     74.  18233.    -77.      9.    -91.    256.      6.
     72.  18407.    -77.      9.    -92.    249.      9.
     71.  18467.    -75.      9.    -90.    249.     10.
     70.  18550.    -71.      8.    -88.    256.      9.
     69.  18603.    -70.      8.    -87.    260.      7.
     69.  18666.    -68.      6.    -86.    258.      6.
     67.  18795.    -67.      5.    -87.    249.      5.
     65.  18987.    -65.      3.    -90.    268.      9.
     64.  19072.    -66.      2.    -91.    274.      7.
     63.  19218.    -67.      1.    -94.    268.      5.
     61.  19403.    -68.      1.    -96.    260.      7.
     60.  19493.    -69.      1.    -96.    268.      7.
     57.  19793.    -66.      1.    -95.    278.      2.
     56.  19903.    -65.      1.    -94.    291.      1.
     55.  20067.    -65.      1.    -95.    314.      9.
     52.  20298.    -65.      1.    -95.    288.      5.
     51.  20479.    -65.      1.    -94.    289.      5.
     50.  20587.    -65.      1.    -94.    258.      3.
     45.  21222.    -63.      1.    -93.    244.      5.
     45.  21309.    -62.      1.    -92.    270.      5.
     42.  21677.    -61.      1.    -91.    171.      2.
     40.  21949.    -61.      1.    -92.     99.      1.
     37.  22429.    -63.      1.    -93.    187.      4.
     35.  22864.    -61.      1.    -92.    235.      5.
     34.  22940.    -61.      1.    -92.    242.      6.
     32.  23298.    -60.      1.    -91.    279.      6.
     30.  23755.    -56.      1.    -88.    359.      5.
     30.  23855.    -56.      1.    -88.     16.      6.
     29.  23899.    -56.      1.    -88.     27.      6.
     29.  23949.    -56.      1.    -88.     42.      5.
     25.  24812.    -55.      1.    -87.    273.      2.
     25.  24973.    -56.      1.    -88.    241.      1.
     24.  25168.    -56.      1.    -88.    240.      5.
     24.  25203.    -57.      1.    -88.    246.      6.
     23.  25439.    -54.      1.    -87.    251.      0.
     22.  25740.    -53.      1.    -86.    220.      3.
     21.  25912.    -52.      1.    -85.    216.      5.
