   1019.     11.     21.     57.     12.     73.      2.
   1017.     28.     21.     58.     12.     78.      3.
   1008.    103.     20.     58.     12.     79.      5.
   1000.    169.     20.     59.     12.     70.      6.
    949.    619.     15.     74.     11.     42.      7.
    925.    834.     13.     80.     10.     54.      7.
    901.   1056.     11.     88.      9.     57.      9.
    889.   1170.     10.     93.      9.     48.      0.
    878.   1266.      9.     97.      9.     49.      9.
    850.   1538.      8.     98.      8.     52.      8.
    812.   1921.      6.     99.      6.     53.      7.
    810.   1931.      6.     99.      6.     52.      7.
    793.   2115.      7.     96.      6.     17.      8.
    776.   2294.      8.     90.      7.    317.      4.
    766.   2394.      8.     92.      7.    286.      5.
    765.   2405.      8.     92.      7.    283.      5.
    753.   2540.      9.     98.      8.    257.      9.
    752.   2553.      9.     98.      8.    257.      9.
    701.   3123.      5.     85.      3.    264.      2.
    700.   3140.      5.     85.      3.    265.      2.
    684.   3327.      4.     90.      3.    282.      2.
    673.   3466.      3.     94.      2.    283.      4.
    650.   3745.      2.     68.     -3.    278.      5.
    622.   4094.      1.     77.     -3.    290.      6.
    570.   4798.     -4.     85.     -6.    281.      0.
    566.   4854.     -3.     46.    -13.    280.      1.
    564.   4875.     -3.     39.    -15.    280.      0.
    542.   5192.     -4.     29.    -19.    295.      3.
    540.   5229.     -3.     27.    -20.    295.      3.
    503.   5787.     -2.      4.    -38.    288.      6.
    502.   5796.     -1.      4.    -39.    287.      6.
    500.   5831.     -1.      3.    -40.    285.      5.
    482.   6129.     -3.      5.    -38.    284.      4.
    427.   7074.    -12.     14.    -34.    291.      4.
    425.   7099.    -12.     13.    -35.    291.      4.
    416.   7272.    -12.      4.    -45.    281.      6.
    400.   7564.    -14.      6.    -45.    282.      5.
    365.   8244.    -19.     13.    -41.    273.      7.
    352.   8513.    -21.      4.    -53.    272.      3.
    338.   8829.    -24.      4.    -55.    265.      7.
    306.   9532.    -29.     12.    -50.    265.      4.
    300.   9678.    -30.      9.    -54.    264.      2.
    280.  10168.    -35.      7.    -59.    277.      0.
    261.  10642.    -38.      7.    -61.    273.      0.
    254.  10843.    -40.      7.    -63.    274.      0.
    250.  10946.    -40.      7.    -64.    269.      1.
    240.  11232.    -43.      6.    -66.    249.      1.
    200.  12429.    -52.      6.    -74.    251.      1.
    170.  13463.    -60.      6.    -81.    259.      3.
    154.  14077.    -64.      7.    -83.    266.      1.
    150.  14236.    -65.      8.    -83.    261.      1.
    139.  14688.    -68.     10.    -83.    247.      0.
    129.  15147.    -72.     12.    -86.    252.     10.
    123.  15414.    -73.     14.    -86.    234.      6.
    118.  15683.    -75.     15.    -87.    215.      7.
    103.  16418.    -79.     18.    -89.    235.      9.
    100.  16605.    -79.     18.    -89.    243.     10.
    100.  16612.    -79.     18.    -89.    244.     10.
     93.  17046.    -81.     18.    -91.    267.      2.
     91.  17176.    -82.     19.    -92.    276.      1.
     89.  17263.    -82.     20.    -92.    277.     10.
     86.  17476.    -81.     20.    -91.    263.      4.
     85.  17543.    -82.     20.    -91.    251.      3.
     84.  17582.    -81.     20.    -91.    241.      2.
     83.  17638.    -79.     19.    -89.    229.      2.
     83.  17669.    -79.     20.    -89.    224.      3.
     80.  17878.    -81.     19.    -91.    221.      3.
     79.  17964.    -81.     19.    -91.    232.      5.
     77.  18058.    -80.     19.    -90.    248.      7.
     74.  18294.    -78.     18.    -89.    284.      2.
     70.  18633.    -74.     14.    -87.    292.     10.
     70.  18672.    -75.     14.    -87.    293.      0.
     66.  18988.    -69.      9.    -86.    342.      8.
     65.  19076.    -69.      7.    -87.      3.      5.
     65.  19099.    -69.      7.    -87.     10.      5.
     62.  19332.    -70.      5.    -90.    110.      3.
     59.  19684.    -67.      3.    -90.    197.      5.
     57.  19841.    -68.      3.    -91.    186.      9.
     56.  19984.    -67.      2.    -91.    204.      0.
     53.  20340.    -65.      2.    -91.    195.      6.
     52.  20408.    -65.      2.    -91.    205.      6.
     51.  20591.    -65.      2.    -91.    272.      7.
     50.  20650.    -64.      2.    -91.    281.      7.
     50.  20688.    -64.      2.    -91.    283.      6.
     48.  20925.    -65.      2.    -91.    236.      5.
     47.  21011.    -64.      2.    -91.    243.      5.
     44.  21403.    -62.      1.    -90.    157.      5.
     44.  21451.    -62.      2.    -90.    158.      7.
     42.  21739.    -64.      2.    -91.    211.      6.
     41.  21866.    -64.      2.    -91.    219.      5.
     38.  22378.    -63.      2.    -91.    298.      3.
     33.  23252.    -58.      1.    -88.      0.      0.
     30.  23815.    -57.      1.    -87.     52.      2.
     29.  23975.    -55.      1.    -86.     93.      3.
     27.  24566.    -56.      1.    -86.     70.      5.
     26.  24684.    -55.      1.    -86.     50.      6.
     26.  24768.    -55.      1.    -86.     56.      5.
     25.  25002.    -55.      1.    -85.    133.      6.
     25.  25029.    -54.      1.    -85.    137.      6.
