   1012.     11.     23.     77.     18.     62.      2.
   1010.     28.     23.     80.     19.     81.      2.
   1000.    111.     22.     82.     19.     91.      3.
    976.    319.     20.     90.     18.     92.      6.
    975.    330.     20.     90.     18.     93.      6.
    925.    785.     19.     83.     16.    125.      3.
    921.    822.     18.     85.     16.    126.      3.
    903.    998.     20.     30.      2.    360.      1.
    902.   1007.     20.     29.      2.      0.      0.
    850.   1510.     16.     45.      4.    305.      3.
    841.   1599.     15.     46.      4.    305.      5.
    840.   1608.     15.     45.      3.    306.      6.
    812.   1894.     14.     40.      1.    267.      6.
    780.   2238.     13.     40.     -1.    243.      2.
    775.   2295.     12.     39.     -1.    243.      2.
    741.   2663.      9.     47.     -2.    252.      2.
    700.   3130.      4.     66.     -1.    241.      3.
    692.   3227.      4.     65.     -2.    235.      5.
    688.   3269.      5.     16.    -19.    230.      5.
    687.   3287.      5.     12.    -22.    229.      5.
    684.   3313.      5.      7.    -27.    230.      5.
    668.   3508.      4.      7.    -28.    245.      5.
    589.   4523.     -1.     12.    -27.    236.      9.
    559.   4942.     -2.      1.    -52.    243.      2.
    532.   5328.     -5.     13.    -29.    244.      4.
    526.   5426.     -6.     45.    -16.    245.      6.
    520.   5508.     -6.     40.    -18.    246.      7.
    515.   5583.     -6.      6.    -37.    250.      6.
    500.   5815.     -8.      4.    -43.    255.      6.
    498.   5844.     -8.      3.    -45.    254.      7.
    483.   6077.     -9.     10.    -35.    256.     10.
    479.   6148.    -10.     10.    -36.    252.      1.
    470.   6298.    -11.     70.    -15.    247.      2.
    466.   6362.    -11.     60.    -17.    247.      3.
    457.   6515.    -13.     88.    -14.    248.      2.
    447.   6686.    -14.     77.    -17.    246.      3.
    444.   6723.    -13.     48.    -22.    246.      4.
    427.   7033.    -16.     31.    -29.    245.      4.
    405.   7418.    -19.     59.    -25.    250.      7.
    400.   7513.    -19.     45.    -28.    250.      7.
    392.   7668.    -20.     30.    -33.    248.      7.
    367.   8149.    -24.     27.    -38.    241.      8.
    350.   8501.    -28.     40.    -37.    240.     10.
    344.   8607.    -29.     42.    -38.    244.     10.
    340.   8708.    -27.      7.    -53.    249.      1.
    333.   8842.    -28.     10.    -50.    248.      2.
    304.   9493.    -31.      1.    -68.    255.      1.
    300.   9593.    -31.      2.    -67.    254.      2.
    250.  10859.    -41.      2.    -73.    258.      3.
    238.  11184.    -44.      3.    -73.    256.      5.
    226.  11531.    -47.      4.    -73.    257.      3.
    200.  12335.    -53.      5.    -75.    264.      2.
    178.  13063.    -59.      7.    -79.    262.      3.
    150.  14130.    -67.     15.    -80.    267.      3.
    143.  14433.    -70.     21.    -80.    271.      3.
    114.  15753.    -78.     23.    -87.    262.      3.
    104.  16288.    -81.     25.    -89.    268.      9.
    100.  16485.    -79.     26.    -88.    262.      6.
     93.  16903.    -78.     25.    -87.    251.      3.
     87.  17277.    -80.     22.    -89.    257.      2.
     87.  17296.    -80.     22.    -89.    258.      1.
     83.  17577.    -75.     20.    -85.    260.      3.
     80.  17768.    -73.     17.    -85.    264.      8.
     76.  18069.    -72.     12.    -85.    241.     10.
     73.  18272.    -73.     11.    -87.    233.      0.
     73.  18290.    -73.     11.    -87.    232.      0.
     72.  18382.    -73.     10.    -87.    227.      9.
     70.  18544.    -72.      9.    -88.    238.      8.
     69.  18640.    -72.      9.    -88.    249.      5.
     66.  18860.    -72.      7.    -88.    240.      3.
     65.  19022.    -69.      6.    -87.    260.      1.
     62.  19229.    -69.      4.    -89.    258.     10.
     60.  19446.    -68.      3.    -91.    226.      1.
     59.  19567.    -66.      2.    -91.    231.      9.
     58.  19692.    -67.      2.    -93.    240.      7.
     56.  19877.    -68.      1.    -95.    272.      6.
     55.  20003.    -68.      1.    -96.    252.      6.
     54.  20121.    -67.      1.    -96.    223.      8.
     53.  20255.    -66.      1.    -95.    224.      0.
     52.  20373.    -64.      1.    -94.    241.      2.
     51.  20434.    -62.      1.    -92.    251.      2.
     50.  20567.    -62.      1.    -92.    272.      8.
     50.  20596.    -61.      1.    -92.    276.      7.
     49.  20682.    -61.      1.    -92.    282.      5.
     48.  20833.    -62.      1.    -92.    255.      5.
     47.  21014.    -62.      1.    -92.    267.      6.
     45.  21177.    -61.      1.    -91.    306.      1.
     45.  21217.    -61.      1.    -91.      0.      0.
     43.  21477.    -61.      1.    -92.    216.      4.
     42.  21593.    -61.      1.    -92.    248.      5.
     41.  21753.    -61.      1.    -91.    280.      5.
     39.  22172.    -60.      1.    -91.    306.      6.
     38.  22245.    -60.      1.    -91.    313.      5.
     34.  22934.    -57.      1.    -89.     44.      3.
     33.  23248.    -58.      1.    -90.      0.      0.
     31.  23477.    -59.      1.    -90.    195.      5.
     31.  23510.    -58.      1.    -90.    202.      5.
     30.  23687.    -57.      1.    -89.    247.      6.
     30.  23760.    -57.      1.    -89.    256.      7.
