   1015.     11.     21.     77.     17.      0.      0.
   1013.     25.     21.     79.     17.    358.      1.
   1000.    137.     20.     82.     17.     68.      1.
    925.    806.     16.     99.     15.     64.      6.
    907.    975.     15.     95.     14.     76.      7.
    868.   1347.     12.     92.     11.     72.      5.
    863.   1389.     12.     92.     11.     75.      4.
    850.   1521.     14.     63.      7.    134.      2.
    847.   1547.     14.     59.      6.    153.      2.
    814.   1883.     13.     39.      0.    233.      4.
    784.   2197.     11.     54.      2.    251.      5.
    747.   2603.      9.     41.     -4.    236.      7.
    735.   2731.      8.     57.      0.    242.      8.
    700.   3135.      4.     52.     -5.    251.      5.
    695.   3191.      4.     58.     -4.    259.      4.
    689.   3265.      3.     67.     -3.    247.      5.
    679.   3388.      3.     46.     -8.    233.      6.
    666.   3541.      2.     43.    -10.    243.      9.
    658.   3634.      2.     21.    -18.    246.      2.
    647.   3774.      2.      9.    -28.    259.      5.
    631.   3978.      1.     10.    -28.    265.      7.
    586.   4567.     -2.     10.    -30.    251.      9.
    558.   4952.     -4.      7.    -35.    255.      2.
    549.   5086.     -4.     10.    -31.    254.      5.
    514.   5603.     -8.     47.    -17.    260.      3.
    500.   5809.     -9.     62.    -15.    258.      3.
    479.   6146.    -12.     74.    -16.    261.      4.
    475.   6203.    -12.     35.    -24.    262.      4.
    473.   6232.    -12.     44.    -22.    262.      4.
    472.   6251.    -12.     53.    -20.    261.      4.
    471.   6271.    -12.     37.    -23.    261.      4.
    467.   6339.    -12.     18.    -31.    260.      4.
    459.   6471.    -12.      4.    -46.    260.      4.
    442.   6758.    -14.     30.    -28.    256.      7.
    405.   7411.    -21.     68.    -25.    248.      7.
    400.   7501.    -21.     58.    -27.    245.      8.
    398.   7538.    -21.     56.    -28.    244.      9.
    393.   7627.    -21.     26.    -35.    245.     10.
    380.   7884.    -23.     41.    -33.    242.      9.
    375.   7980.    -23.     31.    -36.    237.     10.
    368.   8113.    -24.     31.    -37.    238.      2.
    363.   8218.    -24.     12.    -45.    242.      2.
    339.   8717.    -26.      1.    -65.    246.      3.
    320.   9134.    -28.      2.    -63.    248.      3.
    307.   9425.    -31.      3.    -64.    252.      4.
    300.   9587.    -32.      2.    -65.    252.      3.
    250.  10850.    -41.      3.    -71.    254.      4.
    216.  11839.    -50.      5.    -73.    256.      5.
    200.  12325.    -52.      3.    -78.    258.      7.
    190.  12650.    -55.      3.    -80.    258.      7.
    188.  12729.    -55.      4.    -79.    258.      8.
    150.  14125.    -66.      8.    -84.    253.      6.
    146.  14302.    -68.      9.    -84.    254.      7.
    125.  15214.    -74.      8.    -90.    263.      7.
    116.  15654.    -76.     11.    -90.    257.      6.
    102.  16407.    -78.     11.    -92.    257.      9.
    100.  16490.    -77.     11.    -91.    257.      8.
    100.  16494.    -78.     11.    -91.    257.      8.
     94.  16842.    -80.     12.    -93.    255.      4.
     89.  17146.    -79.     13.    -91.    254.      2.
     86.  17331.    -75.     12.    -88.    252.      9.
     83.  17595.    -77.     10.    -91.    250.      1.
     82.  17667.    -77.     10.    -92.    255.      1.
     81.  17712.    -76.      9.    -91.    258.      1.
     77.  17977.    -75.      8.    -91.    276.      5.
     70.  18547.    -73.      6.    -90.    272.     10.
     69.  18607.    -73.      6.    -91.    271.      7.
     68.  18759.    -72.      5.    -91.    249.      4.
     66.  18934.    -73.      4.    -92.    226.      5.
     62.  19297.    -70.      3.    -93.    251.      1.
     59.  19531.    -70.      2.    -95.    242.      2.
     59.  19547.    -70.      2.    -95.    242.      2.
     57.  19820.    -67.      1.    -96.    258.      9.
     55.  20033.    -64.      1.    -93.    203.      7.
     55.  20042.    -64.      1.    -93.    201.      7.
     53.  20206.    -64.      1.    -94.    193.      8.
     52.  20277.    -64.      1.    -94.    211.      7.
     51.  20394.    -63.      1.    -93.    270.      7.
     51.  20511.    -63.      1.    -93.    291.      9.
     50.  20568.    -62.      1.    -92.    295.      8.
     50.  20631.    -62.      1.    -93.    290.      6.
     49.  20749.    -62.      1.    -92.    251.      2.
     48.  20772.    -62.      1.    -92.    236.      2.
     47.  20941.    -63.      1.    -93.    179.      5.
     46.  21025.    -63.      1.    -93.    188.      7.
     43.  21455.    -62.      1.    -92.    247.     10.
     43.  21538.    -61.      1.    -92.    264.     10.
     41.  21838.    -61.      1.    -92.    299.      6.
     40.  22005.    -59.      1.    -90.    313.      1.
     39.  22073.    -60.      1.    -91.      0.      0.
     34.  22889.    -62.      1.    -92.    300.      3.
     31.  23463.    -58.      1.    -89.    287.      5.
     31.  23613.    -57.      1.    -89.    306.      8.
     30.  23713.    -57.      1.    -88.    312.      7.
     30.  23745.    -57.      1.    -89.    315.      6.
     30.  23784.    -57.      1.    -89.    319.      5.
     25.  25046.    -54.      1.    -86.    305.      6.
     24.  25226.    -54.      1.    -87.    257.      3.
     22.  25630.    -52.      1.    -85.    210.      8.
