   1015.     11.     22.     72.     17.     63.      2.
   1014.     21.     22.     75.     17.     57.      3.
   1000.    139.     21.     78.     17.     71.      5.
    993.    202.     20.     81.     17.     87.      8.
    973.    378.     18.     87.     16.     81.      3.
    963.    468.     18.     89.     16.     87.      3.
    945.    628.     17.     91.     15.     93.      4.
    925.    808.     16.     92.     15.    102.      3.
    874.   1291.     13.    100.     13.    117.      2.
    865.   1373.     12.    100.     12.    130.      0.
    860.   1427.     13.     99.     13.    139.      8.
    850.   1523.     14.     78.     10.    120.      6.
    848.   1543.     15.     74.     10.    116.      6.
    840.   1624.     16.     67.     10.    111.      4.
    788.   2161.     11.     89.      9.      0.      0.
    741.   2678.      7.     99.      7.    234.      5.
    740.   2689.      7.     99.      7.    233.      6.
    706.   3075.      5.     92.      4.    212.      3.
    700.   3141.      5.     96.      4.    212.      3.
    696.   3194.      4.     97.      4.    214.      3.
    693.   3223.      5.     65.     -1.    214.      4.
    692.   3233.      5.     69.      0.    214.      4.
    680.   3382.      4.     59.     -3.    221.      3.
    675.   3440.      4.     27.    -13.    226.      3.
    643.   3836.      3.     10.    -25.    246.      3.
    617.   4160.      1.      9.    -28.    264.      8.
    549.   5094.     -6.     10.    -32.    258.      1.
    528.   5393.     -7.     17.    -28.    254.      4.
    525.   5436.     -7.     32.    -21.    254.      5.
    519.   5525.     -8.     58.    -15.    255.      7.
    500.   5817.    -11.     77.    -14.    254.      7.
    499.   5840.    -11.     78.    -14.    254.      7.
    496.   5875.    -11.     76.    -14.    253.      7.
    492.   5946.    -11.     21.    -29.    253.      7.
    480.   6129.    -12.     29.    -26.    256.      8.
    472.   6258.    -12.      9.    -38.    253.      8.
    449.   6637.    -14.     10.    -40.    253.      1.
    434.   6899.    -14.     20.    -32.    248.      5.
    417.   7196.    -17.     28.    -31.    246.      7.
    400.   7510.    -20.     34.    -32.    249.      7.
    398.   7542.    -20.     35.    -32.    249.      7.
    387.   7748.    -20.     20.    -38.    248.      8.
    366.   8159.    -24.     24.    -39.    250.      3.
    361.   8270.    -25.     19.    -42.    251.      2.
    350.   8484.    -24.      2.    -60.    251.      2.
    327.   8992.    -28.      4.    -58.    255.      4.
    311.   9355.    -29.      1.    -69.    253.      4.
    300.   9599.    -31.      2.    -67.    257.      4.
    279.  10112.    -34.      1.    -73.    257.      5.
    261.  10586.    -37.      1.    -75.    258.      3.
    250.  10872.    -39.      1.    -76.    255.      2.
    200.  12358.    -52.      4.    -77.    248.      1.
    186.  12830.    -56.      6.    -77.    241.      2.
    185.  12849.    -57.      6.    -77.    242.      2.
    157.  13897.    -64.      8.    -82.    264.      4.
    150.  14159.    -67.     11.    -82.    268.      4.
    143.  14441.    -69.     13.    -83.    264.      6.
    134.  14822.    -73.     20.    -83.    262.      4.
    100.  16503.    -83.     39.    -89.    260.      9.
     98.  16597.    -84.     41.    -89.    257.      9.
     95.  16779.    -82.     41.    -88.    252.     10.
     92.  16994.    -78.     39.    -84.    266.      6.
     91.  17034.    -77.     38.    -84.    265.      5.
     82.  17633.    -77.     29.    -85.    270.      8.
     80.  17764.    -77.     27.    -85.    269.      8.
     77.  17968.    -76.     24.    -85.    262.      3.
     73.  18275.    -70.     17.    -82.    244.      8.
     73.  18287.    -70.     17.    -82.    244.      8.
     70.  18520.    -71.     12.    -85.    229.      9.
     70.  18551.    -71.     11.    -86.    229.     10.
     66.  18880.    -72.      8.    -88.    243.      0.
     65.  18985.    -71.      7.    -88.    254.      9.
     62.  19289.    -69.      5.    -88.    246.      4.
     62.  19311.    -69.      5.    -88.    245.      4.
     59.  19601.    -71.      4.    -91.    255.      4.
     58.  19649.    -70.      4.    -91.    255.      4.
     56.  19846.    -67.      3.    -90.    250.      5.
     54.  20122.    -63.      1.    -92.    273.      3.
     52.  20367.    -63.      1.    -93.    296.      9.
     51.  20460.    -64.      1.    -93.    290.      8.
     50.  20521.    -62.      1.    -92.    285.      8.
     50.  20572.    -61.      1.    -92.    285.      8.
     49.  20655.    -61.      1.    -92.    285.      6.
     48.  20871.    -63.      1.    -93.    300.      2.
     45.  21187.    -63.      1.    -93.    324.      7.
     45.  21217.    -64.      1.    -93.    327.      7.
     44.  21306.    -63.      1.    -93.    339.      7.
     44.  21380.    -62.      1.    -92.    352.      5.
     43.  21511.    -59.      1.    -90.      0.      0.
     43.  21566.    -58.      1.    -89.    177.      1.
     39.  22062.    -59.      1.    -90.    134.      4.
     34.  22984.    -55.      1.    -88.    137.      5.
     34.  23017.    -55.      1.    -87.    136.      6.
     33.  23155.    -56.      1.    -88.    142.      8.
     31.  23622.    -57.      1.    -88.    229.      9.
     30.  23780.    -56.      1.    -88.    243.     10.
     29.  24018.    -57.      1.    -89.    262.     10.
     28.  24233.    -54.      1.    -87.    271.      0.
     27.  24539.    -53.      1.    -86.    302.      7.
