   1015.     11.     23.     80.     19.     68.      4.
   1014.     25.     22.     83.     19.     69.      3.
   1001.    133.     21.     87.     19.     84.      8.
   1000.    142.     21.     87.     19.     84.      8.
    979.    322.     19.     94.     19.     74.      2.
    971.    402.     19.     94.     18.     71.      4.
    925.    814.     18.     95.     17.     86.      3.
    904.   1008.     17.     96.     16.    102.      8.
    888.   1163.     16.     91.     15.     92.     10.
    855.   1484.     14.     99.     14.    117.      7.
    850.   1535.     15.     90.     13.    123.      7.
    848.   1559.     15.     84.     13.    127.      6.
    841.   1621.     15.     83.     12.    140.      5.
    826.   1779.     15.     74.     10.    140.      1.
    802.   2027.     14.     64.      8.    164.      3.
    747.   2628.      9.     77.      5.    186.      5.
    729.   2830.      7.     87.      5.    166.      5.
    719.   2940.      6.     95.      5.    157.      4.
    700.   3157.      5.     98.      4.    168.      9.
    700.   3158.      4.     98.      4.    168.      9.
    693.   3235.      4.     79.      1.    185.      7.
    688.   3300.      5.     79.      1.    202.      7.
    672.   3496.      3.     87.      1.    200.      0.
    647.   3796.      1.     90.     -1.    226.      6.
    633.   3968.     -1.     92.     -2.    223.      4.
    632.   3990.     -1.     63.     -7.    223.      4.
    630.   4009.      1.     32.    -14.    223.      4.
    629.   4021.      2.     17.    -21.    223.      4.
    626.   4064.      2.     10.    -26.    223.      5.
    614.   4215.      1.      9.    -28.    227.      7.
    594.   4485.     -1.     26.    -19.    220.      5.
    578.   4696.     -3.     11.    -29.    215.      6.
    562.   4926.     -4.     10.    -32.    233.      8.
    554.   5029.     -5.     19.    -25.    243.      7.
    538.   5268.     -7.     37.    -19.    248.      1.
    500.   5829.    -12.     60.    -19.    248.      1.
    487.   6035.    -14.     68.    -19.    249.      1.
    485.   6059.    -15.     66.    -19.    249.      1.
    479.   6158.    -13.     11.    -38.    251.      4.
    476.   6202.    -13.      9.    -40.    251.      4.
    441.   6788.    -17.     28.    -32.    243.      6.
    439.   6822.    -18.     25.    -33.    243.      6.
    430.   6964.    -19.     22.    -36.    245.      8.
    400.   7505.    -20.      2.    -58.    256.     10.
    376.   7957.    -21.      1.    -64.    260.      9.
    374.   8008.    -21.      1.    -64.    259.     10.
    338.   8733.    -27.      2.    -62.    254.      1.
    331.   8892.    -27.      1.    -68.    253.      2.
    321.   9107.    -28.      1.    -68.    255.      4.
    306.   9452.    -29.      1.    -69.    258.      1.
    300.   9598.    -30.      1.    -70.    257.      2.
    250.  10865.    -41.      2.    -75.    250.      1.
    250.  10876.    -42.      2.    -75.    250.      1.
    232.  11360.    -45.      1.    -78.    243.      0.
    214.  11918.    -48.      1.    -83.    245.      2.
    200.  12345.    -52.      1.    -86.    246.      0.
    185.  12834.    -57.      3.    -83.    256.      1.
    154.  13981.    -66.      4.    -87.    248.      9.
    151.  14100.    -67.      5.    -86.    246.     10.
    150.  14140.    -67.      5.    -86.    247.      9.
    130.  14993.    -74.     13.    -87.    261.      7.
    110.  15961.    -80.     21.    -90.    270.      7.
    100.  16486.    -82.     22.    -91.    254.      4.
     99.  16558.    -83.     22.    -91.    255.      5.
     97.  16645.    -82.     23.    -91.    258.      6.
     93.  16919.    -83.     23.    -92.    262.      2.
     88.  17183.    -80.     23.    -89.    282.      4.
     82.  17582.    -76.     18.    -87.    279.     10.
     81.  17680.    -76.     16.    -88.    281.      9.
     77.  17999.    -78.     13.    -91.    281.      3.
     73.  18275.    -74.      9.    -89.    289.      1.
     70.  18525.    -71.      6.    -89.    284.      6.
     68.  18672.    -69.      4.    -90.    290.      3.
     67.  18814.    -67.      3.    -91.    265.      8.
     66.  18858.    -68.      2.    -92.    252.      8.
     65.  18957.    -68.      2.    -94.    229.      8.
     64.  19055.    -69.      1.    -96.    223.      9.
     63.  19128.    -68.      1.    -97.    224.      9.
     57.  19711.    -66.      1.    -95.    263.      7.
     56.  19886.    -66.      1.    -95.    291.      7.
     50.  20556.    -66.      1.    -95.    200.      4.
     46.  21123.    -64.      1.    -93.    172.      4.
     42.  21584.    -65.      1.    -95.    240.      3.
     41.  21722.    -64.      1.    -94.    296.      5.
     41.  21825.    -63.      1.    -93.    315.      5.
     39.  22038.    -62.      1.    -92.      0.      0.
     39.  22064.    -61.      1.    -92.      0.      0.
     35.  22785.    -60.      1.    -91.    325.      5.
     34.  22908.    -60.      1.    -91.    340.      7.
     33.  23100.    -60.      1.    -91.    333.      7.
     32.  23289.    -58.      1.    -90.    315.      7.
     30.  23644.    -56.      1.    -88.    349.      2.
     30.  23718.    -55.      1.    -88.    354.      1.
     27.  24304.    -51.      1.    -84.    121.      3.
     27.  24467.    -52.      1.    -85.     79.      2.
     26.  24590.    -52.      1.    -85.     39.      2.
     25.  24932.    -49.      1.    -83.    110.      5.
     25.  25025.    -48.      1.    -83.    117.      7.
     24.  25315.    -49.      1.    -83.    121.      1.
