   1014.     11.     23.     82.     20.     54.      2.
   1013.     19.     23.     85.     21.     65.      3.
   1000.    129.     22.     88.     20.     71.      4.
    995.    172.     22.     90.     20.     81.      5.
    991.    211.     22.     90.     20.     90.      6.
    967.    423.     21.     87.     19.     83.      1.
    949.    589.     21.     83.     18.    105.      3.
    925.    807.     20.     82.     17.    109.      1.
    905.   1000.     19.     87.     17.    109.      1.
    898.   1065.     19.     88.     17.    116.     10.
    888.   1161.     20.     75.     15.    127.      8.
    874.   1298.     19.     69.     13.    121.      5.
    873.   1311.     19.     68.     13.    121.      5.
    850.   1535.     17.     69.     12.    107.      4.
    834.   1702.     16.     71.     11.    145.      3.
    823.   1808.     16.     67.     10.    190.      2.
    808.   1970.     15.     65.      9.    239.      5.
    792.   2134.     15.     58.      7.    247.      9.
    788.   2182.     15.     51.      5.    239.      0.
    781.   2257.     14.     47.      3.    225.      9.
    779.   2279.     14.     48.      3.    222.      8.
    778.   2288.     14.     48.      3.    222.      8.
    767.   2410.     13.     45.      1.    238.      0.
    735.   2763.     10.     60.      3.    237.      1.
    718.   2959.      8.     75.      4.    252.      2.
    706.   3098.      7.     79.      4.    247.      3.
    700.   3167.      7.     76.      3.    247.      2.
    696.   3220.      7.     64.      0.    245.      1.
    666.   3572.      4.     96.      3.    234.      2.
    657.   3680.      3.     93.      2.    236.      1.
    618.   4181.      0.     98.      0.    242.      5.
    564.   4908.     -3.     77.     -6.    238.      4.
    561.   4953.     -3.     78.     -7.    237.      4.
    500.   5852.    -10.     90.    -12.    239.      5.
    465.   6415.    -14.     97.    -15.    242.      6.
    457.   6546.    -14.     87.    -15.    241.      4.
    448.   6693.    -14.     69.    -19.    239.      1.
    447.   6712.    -14.     60.    -20.    239.      1.
    443.   6781.    -15.     80.    -17.    238.      1.
    422.   7146.    -17.     87.    -19.    242.      3.
    418.   7209.    -18.     84.    -20.    243.      4.
    413.   7313.    -18.     48.    -26.    244.      7.
    406.   7435.    -18.      9.    -43.    242.      0.
    400.   7543.    -18.      1.    -60.    242.      1.
    384.   7839.    -20.      1.    -64.    245.      4.
    331.   8925.    -26.      1.    -67.    245.      8.
    306.   9500.    -30.      1.    -70.    252.     10.
    300.   9638.    -31.      1.    -71.    253.      8.
    279.  10140.    -35.      1.    -72.    250.      8.
    250.  10904.    -41.      1.    -77.    251.      1.
    247.  10980.    -41.      1.    -76.    250.      1.
    200.  12388.    -52.      1.    -85.    252.     10.
    190.  12706.    -54.      1.    -86.    246.      9.
    185.  12887.    -55.      1.    -88.    245.      8.
    156.  13962.    -65.      3.    -88.    252.      8.
    150.  14191.    -67.      4.    -88.    253.      8.
    100.  16541.    -81.     19.    -91.    279.      2.
    100.  16548.    -81.     19.    -91.    279.      2.
     97.  16731.    -82.     21.    -92.    273.      2.
     94.  16925.    -82.     22.    -91.    267.      3.
     93.  16976.    -82.     22.    -91.    271.      3.
     90.  17171.    -77.     22.    -87.    279.      0.
     88.  17256.    -78.     22.    -87.    279.      7.
     86.  17398.    -77.     20.    -87.    280.     10.
     83.  17605.    -73.     18.    -84.    253.      1.
     82.  17666.    -74.     17.    -85.    246.      0.
     80.  17804.    -74.     16.    -86.    226.      2.
     78.  17987.    -75.     14.    -88.    212.      3.
     72.  18408.    -78.     13.    -91.    228.      7.
     71.  18507.    -77.     13.    -90.    234.      9.
     70.  18590.    -76.     13.    -89.    240.      8.
     67.  18827.    -76.     12.    -89.    258.      8.
     64.  19088.    -70.      9.    -86.    265.      2.
     62.  19354.    -66.      5.    -86.    305.      1.
     61.  19449.    -65.      3.    -88.    303.      1.
     58.  19759.    -65.      1.    -94.    298.      7.
     56.  19875.    -64.      1.    -94.    272.      4.
     54.  20119.    -64.      1.    -94.    219.      6.
     54.  20188.    -63.      1.    -93.    216.      6.
     52.  20407.    -63.      1.    -93.    281.      6.
     51.  20513.    -63.      1.    -93.    296.      6.
     50.  20620.    -61.      1.    -92.    272.      4.
     50.  20683.    -61.      1.    -92.    247.      4.
     49.  20790.    -61.      1.    -92.    230.      5.
     46.  21106.    -64.      1.    -94.    251.      7.
     46.  21186.    -63.      1.    -93.    266.      6.
     44.  21393.    -62.      1.    -92.    351.      2.
     43.  21548.    -61.      1.    -92.     52.      4.
     42.  21642.    -61.      1.    -92.     60.      5.
     40.  21942.    -62.      1.    -92.     46.      5.
     39.  22152.    -63.      1.    -93.    334.      3.
     38.  22374.    -60.      1.    -91.     10.      5.
     36.  22615.    -59.      1.    -90.     47.      7.
     35.  22838.    -58.      1.    -90.    103.      6.
     34.  23092.    -56.      1.    -88.    126.      6.
     33.  23128.    -56.      1.    -88.    129.      6.
     32.  23458.    -58.      1.    -89.    117.      7.
     30.  23761.    -57.      1.    -89.    154.      9.
     30.  23807.    -57.      1.    -89.    159.      9.
