   1015.     11.     24.     76.     19.     62.      1.
   1014.     16.     24.     73.     19.     18.      1.
   1000.    140.     23.     76.     18.     19.      2.
    972.    392.     21.     81.     18.     67.      2.
    952.    566.     23.     57.     14.    211.      3.
    925.    819.     22.     62.     14.    322.      1.
    850.   1547.     17.     64.     11.    184.      2.
    773.   2354.     11.     78.      7.    184.      4.
    752.   2582.     10.     81.      7.    211.      7.
    742.   2691.      9.     86.      7.    211.      9.
    721.   2924.      9.     61.      2.    201.      8.
    720.   2945.      9.     58.      1.    202.      8.
    700.   3173.      8.     57.     -1.    213.      1.
    675.   3476.      6.     50.     -4.    228.      1.
    673.   3494.      6.     50.     -4.    230.      1.
    656.   3703.      4.     76.      0.    229.      1.
    649.   3790.      4.     68.     -1.    229.      1.
    640.   3910.      4.     68.     -2.    245.      2.
    634.   3977.      4.     48.     -7.    254.      2.
    630.   4039.      3.     42.     -9.    259.      1.
    614.   4241.      2.     23.    -17.    248.      3.
    589.   4581.     -1.     58.     -8.    235.      3.
    574.   4782.     -3.     78.     -6.    245.      5.
    571.   4826.     -3.     82.     -6.    243.      5.
    532.   5375.     -7.     60.    -14.    240.      7.
    500.   5858.    -11.     74.    -15.    237.      7.
    495.   5943.    -12.     76.    -15.    241.      6.
    481.   6160.    -14.     87.    -16.    232.      5.
    480.   6171.    -14.     88.    -16.    232.      6.
    474.   6273.    -13.     45.    -22.    224.      8.
    470.   6324.    -12.     40.    -23.    227.      8.
    423.   7133.    -20.     93.    -20.    252.      6.
    418.   7210.    -17.     13.    -39.    257.     10.
    416.   7242.    -16.      4.    -50.    258.     10.
    405.   7459.    -18.     14.    -40.    253.      3.
    400.   7543.    -18.      1.    -60.    254.      4.
    397.   7599.    -19.     14.    -39.    254.      4.
    393.   7679.    -19.      8.    -45.    250.      4.
    386.   7816.    -18.      1.    -62.    248.      5.
    366.   8211.    -21.      2.    -59.    245.      9.
    363.   8256.    -21.      3.    -55.    244.      9.
    356.   8417.    -21.      1.    -64.    241.      7.
    300.   9647.    -31.      1.    -71.    253.      1.
    250.  10915.    -41.      1.    -77.    249.      1.
    246.  11030.    -42.      1.    -78.    248.      1.
    231.  11452.    -44.      1.    -80.    253.      1.
    207.  12177.    -51.      1.    -83.    261.      0.
    204.  12267.    -51.      1.    -83.    261.      0.
    200.  12397.    -52.      2.    -83.    261.     10.
    150.  14200.    -66.      3.    -89.    251.      1.
    145.  14397.    -68.      4.    -89.    249.      2.
    138.  14691.    -70.      4.    -90.    253.      2.
    136.  14808.    -70.      5.    -90.    257.      3.
    116.  15747.    -75.      6.    -92.    273.      4.
    115.  15757.    -75.      6.    -92.    274.      4.
    104.  16355.    -78.      8.    -94.    268.      2.
    100.  16581.    -77.      8.    -92.    272.      1.
     96.  16846.    -78.      8.    -93.    282.      9.
     89.  17235.    -74.      8.    -90.    290.      5.
     89.  17246.    -74.      8.    -90.    999.     10.
