   1014.     11.     25.     79.     21.     66.      2.
   1013.     20.     24.     83.     21.      0.      0.
   1000.    134.     23.     86.     21.     54.      2.
    962.    475.     20.     98.     20.     83.      4.
    947.    606.     21.     95.     20.    112.      6.
    944.    633.     21.     88.     19.    112.      5.
    926.    800.     21.     79.     17.     99.      5.
    925.    812.     21.     78.     17.    101.      5.
    919.    872.     20.     82.     17.    113.      5.
    908.    976.     20.     70.     15.     88.      5.
    906.    989.     20.     70.     14.     88.      5.
    902.   1035.     20.     73.     15.     94.      6.
    851.   1526.     17.     79.     13.      0.      0.
    850.   1540.     17.     80.     13.     90.      1.
    767.   2412.     12.     93.     11.    228.      8.
    748.   2620.     11.     90.      9.    219.      2.
    731.   2809.      9.     96.      8.    214.      1.
    715.   2997.      8.     98.      7.    220.      3.
    700.   3168.      9.     70.      3.    218.      4.
    700.   3170.      9.     69.      3.    218.      4.
    670.   3535.      7.     53.     -2.    236.      5.
    609.   4304.      0.     64.     -6.    252.      5.
    584.   4638.     -2.     82.     -5.    244.      7.
    572.   4811.     -3.     58.    -10.    232.      6.
    548.   5141.     -4.     37.    -17.    237.      0.
    540.   5260.     -5.     29.    -20.    240.      2.
    500.   5858.    -11.     41.    -22.    240.      2.
    489.   6034.    -13.     33.    -26.    238.      2.
    484.   6102.    -11.      4.    -47.    236.      1.
    478.   6199.    -11.      1.    -57.    233.      1.
    459.   6522.    -12.      1.    -58.    234.      3.
    443.   6789.    -13.      1.    -59.    246.      5.
    441.   6813.    -13.      1.    -59.    247.      5.
    417.   7245.    -17.      2.    -54.    254.      3.
    402.   7523.    -19.      3.    -55.    257.      6.
    400.   7553.    -19.      2.    -56.    259.      6.
    397.   7601.    -19.      2.    -58.    261.      7.
    372.   8101.    -20.      1.    -63.    254.      7.
    368.   8172.    -20.      1.    -64.    252.      7.
    342.   8711.    -24.      1.    -66.    259.      6.
    300.   9653.    -32.      1.    -69.    260.      9.
    288.   9930.    -33.      1.    -72.    265.      1.
    260.  10662.    -39.      2.    -71.    270.      9.
    258.  10691.    -38.      2.    -73.    271.      9.
    257.  10729.    -38.      1.    -76.    271.      9.
    250.  10919.    -40.      1.    -77.    271.      7.
    207.  12169.    -51.      4.    -76.    265.      6.
    200.  12403.    -52.      3.    -79.    268.      6.
    153.  14102.    -65.      2.    -91.    257.      9.
    150.  14211.    -65.      2.    -91.    260.      8.
    142.  14557.    -68.      2.    -92.    269.      7.
    141.  14598.    -68.      2.    -92.    271.      7.
    109.  16106.    -76.      7.    -92.    266.      1.
    103.  16450.    -78.      8.    -93.    282.      0.
    100.  16594.    -78.      9.    -93.    293.      1.
    100.  16604.    -78.      9.    -93.    294.      1.
     98.  16726.    -77.      9.    -91.    305.      8.
     96.  16842.    -77.     10.    -91.    308.      6.
     88.  17317.    -79.     10.    -93.    275.      7.
     79.  17918.    -84.     12.    -96.    221.      2.
     73.  18384.    -83.     15.    -94.    270.     10.
     73.  18393.    -83.     15.    -94.    270.     10.
     71.  18546.    -77.     15.    -89.    238.      9.
     70.  18621.    -75.     15.    -87.    235.      2.
     68.  18826.    -74.     14.    -87.    256.      4.
     62.  19359.    -69.      8.    -86.    239.      7.
     60.  19515.    -68.      6.    -86.    292.      6.
     60.  19580.    -66.      6.    -86.    298.      6.
     58.  19778.    -68.      4.    -89.    288.      5.
     57.  19809.    -68.      4.    -89.    286.      5.
     56.  20001.    -68.      3.    -91.    260.      3.
     53.  20247.    -67.      2.    -92.    326.      8.
     53.  20337.    -67.      2.    -93.    332.      8.
     51.  20471.    -66.      1.    -94.      7.      5.
     50.  20632.    -66.      1.    -95.     86.      2.
     48.  20850.    -67.      1.    -96.    269.      1.
     48.  20861.    -67.      1.    -96.    304.      1.
     43.  21494.    -61.      1.    -92.     36.      4.
     42.  21674.    -62.      1.    -92.     40.      6.
     40.  21987.    -64.      1.    -93.     16.      6.
     40.  22023.    -64.      1.    -94.     19.      6.
     39.  22196.    -61.      1.    -91.     74.      7.
     38.  22320.    -60.      1.    -91.     88.      8.
     38.  22385.    -60.      1.    -91.     94.      8.
     37.  22568.    -58.      1.    -90.     80.      2.
     33.  23207.    -57.      1.    -89.     52.      8.
     32.  23356.    -56.      1.    -88.     60.      8.
     31.  23613.    -55.      1.    -87.    104.      6.
     30.  23816.    -56.      1.    -88.     99.      7.
     30.  23897.    -56.      1.    -88.     97.      8.
     28.  24283.    -54.      1.    -86.    146.      3.
     27.  24580.    -54.      1.    -86.     89.      5.
     25.  24961.    -52.      1.    -85.      8.      5.
     24.  25153.    -52.      1.    -86.     16.      7.
     23.  25497.    -52.      1.    -85.    355.      6.
     21.  26056.    -52.      1.    -85.     23.      0.
     20.  26291.    -52.      1.    -85.     15.      2.
     20.  26431.    -51.      1.    -85.     16.      1.
     18.  26962.    -51.      1.    -85.     12.      2.
