   1014.     11.     23.     86.     20.      0.      0.
   1012.     22.     23.     87.     20.    235.      1.
   1000.    128.     22.     89.     20.    107.      1.
    986.    254.     21.     92.     20.     71.      5.
    979.    313.     21.     94.     20.     73.      7.
    961.    472.     21.     87.     19.     79.      6.
    948.    589.     20.     88.     18.    103.      6.
    941.    656.     20.     88.     18.    100.      7.
    938.    687.     20.     85.     17.     98.      7.
    925.    805.     20.     75.     16.    107.      5.
    919.    862.     22.     66.     15.     93.      2.
    882.   1222.     21.     59.     13.     75.      2.
    866.   1380.     20.     64.     13.      0.      0.
    850.   1537.     18.     72.     13.    240.      1.
    746.   2642.     10.     93.      9.    222.      6.
    736.   2748.      9.     94.      8.    214.      9.
    727.   2850.     10.     83.      7.    217.     10.
    700.   3169.      8.     67.      3.    224.      2.
    647.   3817.      4.     32.    -11.    227.      9.
    630.   4029.      3.     52.     -6.    231.      0.
    617.   4200.      2.     41.    -10.    227.      3.
    614.   4237.      2.     34.    -12.    229.      4.
    605.   4365.      1.     33.    -14.    245.      5.
    599.   4436.      1.     28.    -16.    244.      5.
    576.   4753.     -3.     31.    -17.    234.      6.
    556.   5029.     -5.     37.    -18.    237.      4.
    542.   5233.     -7.     40.    -18.    226.      8.
    540.   5260.     -7.     40.    -19.    226.      9.
    529.   5416.     -6.     24.    -24.    233.      2.
    527.   5453.     -6.     27.    -22.    234.      3.
    516.   5608.     -7.     42.    -18.    234.      5.
    500.   5858.     -9.     47.    -18.    241.      5.
    498.   5891.     -9.     44.    -19.    242.      5.
    491.   5993.     -9.      9.    -36.    247.      4.
    486.   6078.     -9.      7.    -39.    250.      5.
    463.   6452.    -10.      1.    -57.    243.      2.
    443.   6790.    -13.      1.    -58.    245.      9.
    418.   7223.    -16.      6.    -46.    266.      3.
    415.   7288.    -15.      4.    -48.    268.      4.
    403.   7503.    -16.      1.    -61.    272.      6.
    400.   7563.    -16.      1.    -61.    272.      7.
    342.   8728.    -24.      1.    -66.    257.      9.
    304.   9561.    -30.      1.    -70.    263.      1.
    300.   9665.    -31.      1.    -70.    265.      2.
    276.  10255.    -33.      1.    -72.    268.      5.
    275.  10283.    -33.      1.    -72.    268.      5.
    250.  10941.    -40.      3.    -69.    267.      4.
    224.  11684.    -46.      5.    -71.    271.      3.
    200.  12426.    -52.      3.    -79.    266.      4.
    165.  13648.    -63.      9.    -80.    263.      3.
    159.  13854.    -64.     11.    -80.    261.      4.
    150.  14224.    -67.     10.    -82.    264.      8.
    132.  14993.    -73.     11.    -87.    268.      8.
    128.  15157.    -74.     11.    -88.    269.      5.
    122.  15424.    -71.     10.    -86.    271.      7.
    117.  15687.    -72.      7.    -88.    280.      2.
    106.  16282.    -76.      7.    -92.    258.      6.
    100.  16603.    -79.      8.    -94.    237.      6.
     94.  16949.    -80.     10.    -94.    261.      5.
     87.  17385.    -81.     11.    -94.    246.      4.
     84.  17586.    -82.     12.    -95.    257.      5.
     83.  17684.    -81.     12.    -93.    265.      4.
     79.  17964.    -77.     12.    -90.    240.      8.
     76.  18181.    -79.     12.    -92.    230.      1.
     75.  18232.    -78.     11.    -91.    229.      1.
     70.  18628.    -76.     10.    -90.    290.      6.
     68.  18792.    -76.     10.    -90.    326.      6.
     67.  18866.    -76.     10.    -91.    336.      5.
     64.  19145.    -70.      7.    -87.     76.      3.
     60.  19526.    -72.      4.    -92.     64.      2.
     57.  19815.    -70.      3.    -92.      0.      0.
     52.  20404.    -68.      1.    -95.    124.      5.
     50.  20621.    -66.      1.    -95.    213.      1.
     48.  20932.    -64.      1.    -93.    103.      2.
     44.  21412.    -64.      1.    -94.    128.      4.
     42.  21729.    -61.      1.    -91.    122.      4.
     39.  22134.    -61.      1.    -92.    116.      8.
     38.  22315.    -61.      1.    -92.     68.      7.
     37.  22431.    -60.      1.    -91.     65.      7.
     37.  22522.    -61.      1.    -91.     84.      5.
     36.  22579.    -61.      1.    -91.     95.      5.
     34.  22923.    -60.      1.    -91.     71.      7.
     32.  23333.    -60.      1.    -91.     80.      8.
     32.  23367.    -60.      1.    -91.     81.      8.
     31.  23551.    -59.      1.    -90.     58.      8.
     30.  23786.    -58.      1.    -89.     50.      1.
     29.  24102.    -57.      1.    -89.     37.     10.
     27.  24407.    -57.      1.    -89.     54.      4.
     21.  26046.    -51.      1.    -84.     26.      4.
     20.  26329.    -51.      1.    -84.     36.      8.
     20.  26391.    -51.      1.    -84.     37.      7.
     19.  26829.    -48.      1.    -83.     29.      3.
     19.  26904.    -48.      1.    -83.     31.      3.
     17.  27335.    -49.      1.    -83.     56.      7.
     16.  27677.    -49.      1.    -83.     66.      3.
     15.  28246.    -50.      1.    -84.     30.      7.
     15.  28348.    -49.      1.    -83.     44.      5.
     14.  28839.    -50.      1.    -84.    184.      2.
     12.  29678.    -51.      1.    -84.    251.      3.
