   1012.     11.     25.     79.     21.    224.      1.
   1010.     23.     25.     81.     22.    188.      1.
   1000.    113.     24.     84.     21.    202.      2.
    967.    406.     22.     94.     21.    270.      1.
    965.    424.     22.     94.     21.      0.      0.
    925.    793.     22.     82.     18.    180.      3.
    915.    891.     21.     82.     18.    170.      1.
    874.   1281.     19.     71.     14.    273.      3.
    850.   1524.     17.     76.     13.    280.      2.
    812.   1911.     15.     88.     13.    131.      1.
    748.   2602.     11.     92.     10.    207.      3.
    746.   2628.     11.     90.     10.    208.      3.
    739.   2704.     11.     87.      9.    201.      5.
    727.   2843.     10.     80.      7.    214.     10.
    700.   3158.      9.     80.      5.    215.      9.
    690.   3273.      8.     75.      4.    217.      8.
    671.   3508.      6.     67.      1.    213.      0.
    662.   3617.      6.     64.     -1.    218.     10.
    623.   4116.      3.     83.      0.    244.      3.
    574.   4767.     -1.     81.     -4.    245.      7.
    550.   5112.     -3.     81.     -6.    230.      9.
    509.   5712.     -8.     96.     -9.    239.      2.
    503.   5814.     -8.     81.    -11.    238.      6.
    500.   5857.     -8.     77.    -12.    238.      6.
    488.   6041.    -10.     75.    -14.    235.      7.
    483.   6128.     -6.      1.    -54.    234.      5.
    451.   6653.    -10.      1.    -57.    236.      6.
    448.   6716.    -11.      1.    -57.    239.      6.
    438.   6877.    -10.      1.    -57.    245.      5.
    413.   7326.    -13.      1.    -59.    256.      8.
    400.   7574.    -14.      1.    -60.    253.      8.
    345.   8676.    -23.      1.    -66.    247.      2.
    321.   9190.    -27.      1.    -66.    269.     10.
    321.   9201.    -27.      1.    -66.    270.     10.
    300.   9683.    -29.      3.    -61.    258.      1.
    299.   9711.    -29.      2.    -63.    257.      1.
    298.   9721.    -29.      2.    -64.    257.      1.
    250.  10960.    -40.      4.    -67.    264.      1.
    200.  12443.    -53.     11.    -70.    269.      4.
    196.  12572.    -54.     11.    -71.    271.      3.
    184.  12989.    -57.     15.    -72.    269.      4.
    168.  13550.    -61.     12.    -77.    261.      4.
    154.  14063.    -65.     38.    -72.    258.      8.
    150.  14240.    -67.     42.    -73.    259.      6.
    148.  14322.    -67.     44.    -73.    260.      5.
    138.  14764.    -69.     40.    -76.    269.      7.
    137.  14776.    -69.     40.    -76.    270.      7.
    129.  15125.    -68.     26.    -78.    263.      8.
    127.  15253.    -69.     22.    -80.    258.      5.
    112.  16004.    -74.     13.    -87.    278.      7.
    101.  16568.    -79.     14.    -91.    266.      2.
    100.  16628.    -79.     14.    -91.    262.      2.
    100.  16632.    -79.     14.    -91.    262.      2.
     96.  16862.    -81.     15.    -92.    248.      2.
     95.  16914.    -82.     16.    -93.    249.      3.
     92.  17101.    -81.     17.    -92.    260.      8.
     87.  17403.    -81.     18.    -92.    241.      7.
     85.  17577.    -82.     19.    -92.    252.      5.
     81.  17842.    -81.     20.    -90.    287.     10.
     79.  17941.    -80.     20.    -90.    277.      7.
     76.  18192.    -82.     21.    -91.    260.      0.
     73.  18404.    -81.     21.    -90.    273.      3.
     73.  18416.    -80.     21.    -90.    274.      3.
     70.  18642.    -78.     21.    -88.    278.      7.
     70.  18656.    -78.     21.    -88.    278.      6.
     69.  18731.    -77.     21.    -87.    256.      4.
     68.  18821.    -77.     20.    -87.    214.      5.
     66.  18959.    -77.     20.    -87.    203.     10.
     65.  19071.    -76.     19.    -87.    209.      2.
     62.  19359.    -74.     17.    -86.    223.      1.
     59.  19598.    -71.     14.    -84.    265.      8.
     57.  19864.    -70.     10.    -85.    260.      8.
     56.  19977.    -69.      9.    -85.    281.      5.
     56.  19988.    -69.      9.    -85.    282.      5.
     53.  20304.    -69.      5.    -88.    290.      6.
     53.  20326.    -69.      5.    -89.    291.      5.
     52.  20424.    -67.      4.    -88.    307.      3.
     50.  20584.    -66.      3.    -89.     30.      2.
     50.  20623.    -66.      3.    -89.     64.      2.
     46.  21173.    -64.      1.    -93.     86.      6.
     44.  21444.    -63.      1.    -93.     86.      0.
     44.  21468.    -63.      1.    -93.     86.      0.
     42.  21681.    -64.      1.    -94.    105.      7.
     42.  21705.    -64.      1.    -94.    103.      7.
     41.  21857.    -63.      1.    -93.     55.      5.
     39.  22224.    -62.      1.    -92.     62.     10.
     37.  22410.    -61.      1.    -92.     83.     10.
     35.  22857.    -58.      1.    -89.     70.      1.
     34.  22988.    -57.      1.    -89.     85.      2.
     34.  23002.    -57.      1.    -89.     85.      2.
     32.  23364.    -58.      1.    -90.     98.      1.
     32.  23388.    -59.      1.    -90.     98.      1.
     31.  23676.    -58.      1.    -89.     65.      8.
     30.  23793.    -58.      1.    -90.     68.      0.
     29.  24079.    -57.      1.    -89.     89.      2.
     28.  24244.    -56.      1.    -88.     81.      8.
     27.  24360.    -57.      1.    -89.     71.      7.
     27.  24492.    -57.      1.    -89.     54.      8.
     26.  24808.    -58.      1.    -90.     56.      9.
