   1013.     11.     23.     85.     21.      0.      0.
   1011.     25.     23.     86.     21.      0.      0.
   1000.    121.     22.     90.     20.    354.      1.
    974.    347.     21.     97.     20.    214.      4.
    968.    401.     21.     94.     20.    231.      5.
    962.    460.     21.     92.     20.    252.      5.
    945.    611.     22.     74.     17.    237.      5.
    943.    628.     22.     73.     17.    236.      6.
    931.    741.     21.     75.     16.    259.      5.
    925.    799.     21.     76.     16.    255.      5.
    899.   1044.     19.     79.     15.    241.      5.
    880.   1225.     18.     82.     15.    267.      5.
    864.   1386.     17.     86.     14.    270.      4.
    850.   1525.     16.     90.     14.    265.      7.
    828.   1747.     14.     95.     13.    251.      0.
    808.   1954.     16.     48.      5.    244.      2.
    799.   2056.     16.     37.      1.    238.      4.
    785.   2203.     15.     28.     -4.    244.      5.
    765.   2420.     14.     27.     -5.    245.      3.
    736.   2742.     11.     42.     -2.    239.      4.
    731.   2799.     11.     44.     -1.    243.      3.
    724.   2881.     10.     85.      7.    248.      2.
    720.   2921.     10.     62.      3.    249.      1.
    714.   2991.     10.     43.     -2.    254.      1.
    713.   3011.     10.     45.     -2.    255.      1.
    710.   3037.      9.     46.     -2.    255.      1.
    706.   3089.      9.     85.      6.    253.      1.
    700.   3158.      8.     90.      6.    251.      1.
    698.   3181.      8.     91.      6.    250.      1.
    689.   3292.      7.     87.      5.    249.      0.
    656.   3688.      5.     73.      0.    246.      1.
    650.   3770.      4.     75.      0.    235.      1.
    647.   3804.      4.     64.     -2.    232.      2.
    636.   3949.      3.     39.     -9.    236.      4.
    632.   4001.      4.     10.    -25.    235.      4.
    604.   4367.      1.     19.    -20.    242.      5.
    587.   4597.      0.     16.    -23.    232.      6.
    570.   4831.     -1.     22.    -20.    246.      8.
    560.   4968.     -3.     45.    -13.    256.      8.
    551.   5092.     -3.     69.     -8.    253.      8.
    546.   5168.     -4.     49.    -13.    253.      7.
    534.   5339.     -4.     81.     -7.    256.      8.
    504.   5799.     -7.     56.    -14.    244.      4.
    500.   5858.     -7.     57.    -14.    244.      4.
    460.   6502.    -13.     81.    -16.    240.      3.
    458.   6529.    -14.     83.    -16.    241.      3.
    436.   6902.    -16.     68.    -21.    249.      6.
    431.   7001.    -14.     13.    -36.    253.      8.
    429.   7022.    -13.      1.    -59.    253.      9.
    400.   7559.    -16.      1.    -60.    247.      1.
    369.   8163.    -19.      1.    -63.    249.      3.
    352.   8520.    -22.      1.    -64.    261.      4.
    338.   8815.    -23.      1.    -66.    273.      3.
    330.   8978.    -24.      1.    -66.    272.      2.
    300.   9673.    -30.      1.    -70.    274.      2.
    295.   9798.    -31.      1.    -71.    272.      1.
    262.  10615.    -37.      1.    -75.    261.      2.
    250.  10944.    -40.      4.    -67.    268.      3.
    226.  11615.    -46.      8.    -67.    267.      3.
    207.  12211.    -51.     37.    -60.    266.      7.
    200.  12424.    -52.     39.    -60.    266.      9.
    174.  13301.    -58.      9.    -75.    270.      1.
    174.  13331.    -58.      9.    -76.    270.      1.
    150.  14232.    -66.     10.    -82.    266.      9.
    147.  14347.    -67.     11.    -82.    267.      9.
    143.  14518.    -68.     13.    -82.    272.      7.
    142.  14579.    -67.     12.    -81.    275.      5.
    136.  14821.    -67.     10.    -83.    288.      9.
    121.  15540.    -73.      4.    -93.    277.      6.
    107.  16221.    -79.      7.    -95.    258.      2.
    104.  16402.    -79.      8.    -94.    245.      8.
    100.  16608.    -80.      8.    -95.    224.      8.
    100.  16613.    -80.      8.    -95.    224.      8.
     95.  16905.    -82.      8.    -96.    217.      1.
     91.  17131.    -82.      9.    -96.    227.      8.
     88.  17364.    -79.      9.    -93.    241.      8.
     85.  17524.    -78.      9.    -92.    273.      5.
     85.  17535.    -78.      9.    -92.    275.      5.
     77.  18085.    -81.      9.    -95.    303.      3.
     76.  18200.    -80.     10.    -94.    314.      4.
     74.  18301.    -79.     10.    -93.    321.      0.
     73.  18434.    -77.     10.    -91.    312.      6.
     71.  18518.    -77.      9.    -91.    282.      4.
     71.  18572.    -76.      9.    -91.    262.      5.
     70.  18634.    -76.      9.    -91.    259.      7.
     68.  18791.    -75.      8.    -91.    262.      9.
     67.  18854.    -75.      8.    -91.    269.      0.
     64.  19143.    -72.      6.    -90.    318.      7.
     62.  19316.    -70.      4.    -90.     12.      5.
     59.  19641.    -69.      2.    -93.     73.      5.
     54.  20206.    -70.      1.    -98.    142.      7.
     54.  20228.    -70.      1.    -98.    144.      7.
     52.  20434.    -69.      1.    -97.    121.      5.
     50.  20630.    -69.      1.    -97.    130.      5.
     49.  20707.    -69.      1.    -97.    135.      5.
     46.  21145.    -70.      1.    -98.    200.      2.
     45.  21260.    -69.      1.    -98.    154.      4.
     44.  21428.    -68.      1.    -97.    114.      1.
     42.  21670.    -64.      1.    -94.     78.      8.
