   1018.     11.     20.     59.     12.     61.      2.
   1017.     21.     20.     62.     13.     64.      1.
   1003.    142.     19.     64.     12.     76.      5.
   1000.    163.     19.     64.     12.     72.      5.
    933.    752.     14.     80.     10.     52.     10.
    925.    826.     13.     83.     10.     55.     10.
    893.   1125.     10.     93.      9.     64.      4.
    885.   1199.     10.     91.      8.     72.      5.
    850.   1530.      8.     98.      8.     71.      2.
    817.   1859.      6.     99.      6.     89.      8.
    799.   2038.      5.     99.      5.     57.      6.
    798.   2052.      5.     99.      5.     53.      5.
    786.   2180.      8.     92.      6.    352.      4.
    774.   2301.      7.     78.      4.    319.      4.
    773.   2312.      7.     76.      3.    316.      4.
    765.   2402.      7.     84.      5.    290.      5.
    755.   2501.      7.     93.      6.    279.      7.
    745.   2615.      7.     83.      4.    255.      7.
    742.   2645.      7.     83.      4.    254.      7.
    706.   3058.      4.     89.      2.    267.      8.
    700.   3125.      3.     90.      2.    277.      9.
    698.   3154.      4.     90.      2.    281.      9.
    689.   3251.      4.     77.      0.    291.      1.
    682.   3333.      4.     65.     -2.    291.      1.
    656.   3649.      1.     90.      0.    279.      4.
    652.   3701.      1.     85.     -1.    281.      5.
    638.   3879.      3.     23.    -16.    289.      8.
    621.   4094.      1.     35.    -13.    294.     10.
    617.   4146.      1.     35.    -13.    294.      0.
    607.   4279.      1.     33.    -14.    285.      2.
    556.   4987.      0.     20.    -21.    277.      4.
    532.   5336.     -1.     11.    -28.    289.      2.
    525.   5432.      0.      5.    -36.    294.      4.
    520.   5521.      0.      3.    -39.    293.      6.
    510.   5675.     -1.     16.    -24.    291.      6.
    500.   5828.     -2.     13.    -27.    291.      6.
    442.   6798.    -10.     11.    -35.    277.      8.
    432.   6974.    -11.     13.    -35.    279.      6.
    404.   7473.    -13.      4.    -47.    263.      7.
    400.   7555.    -14.      4.    -47.    258.      8.
    399.   7575.    -14.      4.    -47.    257.      8.
    351.   8528.    -22.      4.    -53.    264.      3.
    336.   8849.    -25.      8.    -49.    254.      3.
    330.   8988.    -25.      6.    -52.    248.      4.
    311.   9424.    -27.      6.    -55.    254.      9.
    300.   9669.    -30.      7.    -55.    258.      1.
    290.   9917.    -32.      7.    -57.    267.      1.
    271.  10375.    -35.      4.    -64.    252.      8.
    250.  10943.    -40.      4.    -67.    260.      1.
    210.  12111.    -50.      7.    -71.    259.      4.
    200.  12426.    -52.      8.    -72.    268.      2.
    192.  12700.    -54.      8.    -73.    266.     10.
    173.  13362.    -58.      4.    -81.    270.     10.
    158.  13906.    -63.      4.    -84.    249.      8.
    152.  14138.    -64.      5.    -85.    237.      8.
    150.  14235.    -65.      7.    -84.    237.      9.
    144.  14471.    -66.      9.    -83.    233.      9.
    139.  14713.    -67.     10.    -83.    248.      9.
    134.  14907.    -68.     10.    -84.    226.     10.
    134.  14937.    -68.     10.    -84.    225.     10.
    103.  16470.    -80.     21.    -90.    245.      8.
    100.  16606.    -80.     22.    -89.    249.      8.
    100.  16613.    -80.     22.    -89.    249.      8.
     96.  16844.    -80.     23.    -89.    264.      0.
     93.  17012.    -80.     24.    -89.    272.      9.
     87.  17429.    -81.     25.    -89.    224.      7.
     84.  17609.    -81.     25.    -89.    215.      8.
     80.  17870.    -81.     26.    -90.    241.     10.
     80.  17890.    -81.     26.    -90.    243.     10.
     78.  18042.    -79.     26.    -88.    264.      6.
     75.  18259.    -78.     25.    -86.    242.      4.
     71.  18550.    -73.     21.    -84.    260.      1.
     70.  18639.    -72.     19.    -83.    249.      8.
     70.  18664.    -72.     18.    -83.    244.      7.
     69.  18718.    -72.     17.    -84.    224.      6.
     68.  18802.    -70.     15.    -83.    193.      7.
     68.  18835.    -70.     14.    -83.    186.      8.
     67.  18942.    -70.     12.    -84.    177.      8.
     65.  19072.    -72.     10.    -86.    180.      9.
     63.  19230.    -72.      9.    -88.    203.      8.
     62.  19378.    -71.      8.    -87.    225.      7.
     60.  19589.    -70.      7.    -88.    197.      9.
     58.  19712.    -70.      6.    -88.    208.      8.
     56.  19925.    -70.      5.    -89.    291.      8.
     54.  20131.    -69.      4.    -89.    326.      1.
     51.  20514.    -67.      3.    -90.    281.      7.
     50.  20623.    -68.      3.    -91.    292.      5.
     50.  20643.    -67.      3.    -91.    297.      5.
     46.  21124.    -64.      2.    -91.    284.      1.
     43.  21526.    -61.      1.    -90.    355.      5.
     43.  21544.    -61.      1.    -90.    360.      5.
     42.  21709.    -60.      1.    -91.     39.      5.
     35.  22854.    -59.      1.    -90.    197.      7.
     34.  22975.    -58.      1.    -90.    211.      5.
     33.  23245.    -57.      1.    -89.    214.      2.
     30.  23827.    -56.      1.    -88.    171.      2.
     29.  24033.    -56.      1.    -88.      0.      0.
     26.  24769.    -53.      1.    -86.    285.      1.
     26.  24872.    -53.      1.    -86.    343.      5.
