   1018.     11.     20.     64.     13.     66.      1.
   1017.     18.     20.     66.     14.     56.      1.
   1002.    144.     19.     68.     13.    103.      5.
   1000.    162.     19.     68.     13.    103.      6.
    957.    543.     16.     72.     11.     66.      9.
    925.    827.     13.     83.     11.     70.     10.
    909.    969.     12.     88.     10.     75.      1.
    898.   1075.     11.     90.     10.     67.      1.
    893.   1125.     11.     91.     10.     67.      0.
    850.   1533.      9.     98.      8.     90.      7.
    842.   1609.      8.     99.      8.     88.      5.
    821.   1816.      8.     99.      8.    125.      1.
    820.   1831.      8.    100.      8.    148.      1.
    819.   1846.      8.    100.      8.    177.      1.
    805.   1982.      8.    100.      8.    249.      5.
    789.   2152.      8.    100.      8.    247.      1.
    779.   2259.      8.    100.      8.    245.      2.
    753.   2536.      6.     94.      5.    272.      4.
    712.   2993.      4.     79.      0.    281.      2.
    700.   3127.      3.     78.     -1.    268.      1.
    700.   3130.      3.     78.     -1.    268.      1.
    698.   3152.      3.     78.     -1.    267.      1.
    661.   3595.      2.     64.     -4.    283.      6.
    653.   3697.      1.     68.     -4.    291.      6.
    611.   4218.     -1.     59.     -8.    294.      9.
    602.   4341.      0.     32.    -15.    297.      0.
    592.   4482.      1.     26.    -17.    288.      4.
    571.   4768.      1.     15.    -23.    282.      6.
    557.   4971.      1.      7.    -30.    275.      5.
    552.   5032.      2.      7.    -31.    275.      4.
    527.   5405.     -1.     13.    -26.    285.      3.
    500.   5828.     -4.     11.    -30.    281.      5.
    494.   5926.     -4.     11.    -30.    286.      5.
    400.   7546.    -17.      7.    -45.    262.      4.
    394.   7651.    -18.      7.    -45.    257.      5.
    384.   7852.    -20.      7.    -47.    259.      3.
    356.   8420.    -21.      7.    -48.    263.      2.
    300.   9655.    -29.      4.    -59.    267.      1.
    294.   9811.    -31.      5.    -58.    273.      8.
    280.  10147.    -33.      5.    -60.    262.     10.
    264.  10564.    -36.      4.    -65.    278.      5.
    250.  10929.    -39.      4.    -66.    277.      3.
    248.  10997.    -39.      4.    -67.    277.      3.
    204.  12276.    -51.      7.    -71.    284.      1.
    200.  12416.    -52.      7.    -73.    279.      1.
    198.  12490.    -53.      6.    -74.    278.     10.
    182.  13008.    -57.      6.    -77.    276.      0.
    158.  13921.    -63.      5.    -84.    253.      3.
    150.  14223.    -64.      5.    -85.    235.      3.
    147.  14349.    -64.      6.    -84.    226.      3.
    146.  14373.    -65.      6.    -84.    225.      2.
    118.  15670.    -76.     13.    -89.    213.      3.
    103.  16411.    -81.     18.    -91.    233.      5.
    103.  16422.    -81.     18.    -91.    234.      5.
    100.  16591.    -80.     18.    -90.    250.      2.
     96.  16845.    -80.     19.    -90.    278.      8.
     93.  16983.    -80.     19.    -90.    276.      4.
     89.  17241.    -81.     19.    -91.    267.      5.
     88.  17296.    -81.     19.    -91.    271.      6.
     84.  17601.    -77.     18.    -88.    311.      7.
     81.  17794.    -78.     18.    -89.    307.      2.
     80.  17853.    -78.     17.    -89.    297.      0.
     77.  18090.    -73.     15.    -85.    264.      5.
     77.  18112.    -73.     15.    -85.    261.      5.
     76.  18195.    -73.     14.    -86.    239.      3.
     71.  18523.    -75.     11.    -89.    239.      4.
     70.  18635.    -72.     10.    -87.    257.      6.
     68.  18797.    -73.      9.    -88.    259.      8.
     65.  19067.    -72.      8.    -88.    309.      0.
     64.  19141.    -70.      7.    -87.    318.     10.
     62.  19338.    -71.      6.    -89.    337.      5.
     61.  19426.    -70.      5.    -89.      0.      0.
     60.  19569.    -69.      5.    -89.    136.      5.
     56.  19931.    -69.      4.    -90.    141.      3.
     54.  20199.    -67.      3.    -90.    165.      5.
     53.  20318.    -66.      3.    -90.      0.      0.
     50.  20645.    -66.      2.    -91.    181.      2.
     45.  21359.    -63.      2.    -90.     95.      5.
     44.  21492.    -63.      2.    -90.    123.      6.
     43.  21633.    -63.      2.    -90.    153.      5.
     36.  22636.    -59.      1.    -88.      0.      0.
     35.  22894.    -57.      1.    -87.    101.      5.
     34.  23039.    -56.      1.    -86.    121.      7.
     33.  23194.    -56.      1.    -86.    146.      6.
     33.  23256.    -56.      1.    -86.    152.      5.
     31.  23648.    -56.      1.    -86.     83.      2.
     30.  23824.    -56.      1.    -86.    126.      3.
     28.  24385.    -58.      2.    -87.    158.      3.
     25.  24877.    -56.      1.    -86.      0.      0.
     24.  25236.    -52.      1.    -83.    273.      2.
     23.  25505.    -52.      1.    -83.    338.      5.
     23.  25611.    -51.      1.    -83.    353.      5.
     21.  26123.    -51.      1.    -82.      4.      5.
     21.  26136.    -51.      1.    -82.      3.      5.
     20.  26428.    -51.      1.    -82.    343.      5.
     20.  26508.    -51.      1.    -82.    343.      6.
     19.  26717.    -51.      1.    -82.    359.      5.
     17.  27686.    -52.      1.    -82.     14.      5.
     13.  29161.    -45.      1.    -79.    275.      4.
