   1017.     11.     20.     62.     13.     60.      2.
   1016.     18.     20.     65.     13.     88.      2.
   1000.    157.     19.     67.     13.     98.      6.
    995.    200.     19.     68.     13.    106.      7.
    968.    440.     17.     74.     13.     83.      0.
    925.    822.     14.     85.     11.     75.      4.
    919.    877.     13.     87.     11.     73.      4.
    865.   1388.     10.     96.      9.    107.      9.
    861.   1426.     10.     96.      9.    110.      7.
    850.   1531.     11.     88.      9.     92.      4.
    847.   1560.     11.     85.      9.     74.      4.
    837.   1656.     13.     18.    -10.     23.      4.
    821.   1827.     12.     17.    -12.    311.      2.
    806.   1975.     11.     38.     -3.    277.      4.
    793.   2115.     10.     23.    -10.    292.      5.
    773.   2325.      8.     32.     -8.    332.      5.
    760.   2463.      7.     51.     -2.    316.      7.
    754.   2533.      7.     56.     -1.    307.      7.
    733.   2757.      7.     65.      1.    300.     10.
    731.   2784.      7.     65.      1.    300.      0.
    713.   2989.      5.     68.      0.    325.      2.
    700.   3137.      5.     67.     -1.    313.      2.
    679.   3391.      3.     68.     -2.    302.      1.
    674.   3448.      3.     71.     -2.    303.      1.
    654.   3691.      2.     56.     -6.    303.      0.
    643.   3833.      6.     22.    -14.    304.     10.
    635.   3928.      6.     16.    -18.    309.      2.
    621.   4108.      5.     17.    -18.    299.      9.
    582.   4636.      3.     11.    -25.    292.      4.
    565.   4873.      4.      2.    -40.    284.      7.
    537.   5291.      1.     19.    -20.    276.      2.
    534.   5333.      0.     20.    -20.    276.      1.
    500.   5856.     -4.     14.    -28.    275.     10.
    478.   6217.     -6.     16.    -28.    267.      8.
    469.   6362.     -7.     11.    -32.    272.      6.
    456.   6579.     -8.      9.    -35.    272.      7.
    454.   6619.     -8.     21.    -27.    273.      8.
    410.   7399.    -16.     43.    -26.    284.      0.
    403.   7527.    -17.     37.    -28.    284.      2.
    400.   7577.    -17.     17.    -36.    285.      2.
    400.   7584.    -17.     16.    -37.    285.      2.
    384.   7882.    -18.     19.    -36.    288.      4.
    367.   8217.    -20.     21.    -37.    264.      5.
    355.   8471.    -21.     21.    -38.    261.      3.
    352.   8522.    -21.      9.    -45.    257.      2.
    345.   8678.    -21.      5.    -51.    250.      2.
    314.   9361.    -27.     10.    -50.    260.      5.
    303.   9617.    -28.      5.    -56.    268.      3.
    300.   9690.    -29.      6.    -56.    270.      4.
    292.   9882.    -31.      7.    -56.    272.      4.
    280.  10178.    -33.     10.    -55.    282.      6.
    250.  10967.    -39.      5.    -65.    278.      4.
    249.  10995.    -39.      5.    -65.    278.      4.
    228.  11595.    -44.      7.    -67.    272.      3.
    220.  11842.    -46.      8.    -67.    252.      3.
    200.  12457.    -51.      7.    -72.    264.      4.
    194.  12642.    -53.      8.    -73.    270.      3.
    170.  13492.    -60.      9.    -78.    254.      2.
    167.  13598.    -61.      9.    -79.    252.      1.
    150.  14261.    -65.      7.    -84.    249.      3.
    142.  14574.    -68.      7.    -85.    239.      4.
    130.  15129.    -72.     13.    -85.    234.      6.
    119.  15660.    -74.     14.    -87.    220.      6.
    110.  16076.    -76.     13.    -88.    239.     10.
    100.  16637.    -78.     14.    -90.    221.      3.
    100.  16640.    -78.     14.    -90.    221.      3.
     97.  16845.    -80.     15.    -91.    223.      3.
     96.  16903.    -80.     15.    -92.    231.      3.
     92.  17088.    -79.     16.    -90.    255.      1.
     89.  17291.    -80.     16.    -91.    231.      8.
     87.  17440.    -79.     17.    -90.    239.      7.
     80.  17898.    -80.     19.    -90.    189.      1.
     79.  17971.    -81.     19.    -91.    190.      2.
     76.  18213.    -77.     19.    -87.    217.      7.
     73.  18408.    -77.     19.    -87.    199.      8.
     71.  18601.    -74.     17.    -86.    221.      9.
     70.  18672.    -73.     16.    -85.    219.      8.
     69.  18785.    -73.     15.    -86.    228.      5.
     65.  19122.    -71.     10.    -86.    121.      3.
     62.  19418.    -72.      8.    -88.    175.      4.
     61.  19477.    -71.      7.    -88.    182.      5.
     59.  19648.    -71.      6.    -89.    195.      9.
     59.  19676.    -71.      6.    -89.    201.      9.
     56.  19961.    -64.      4.    -86.    294.      6.
     55.  20088.    -64.      3.    -88.    323.      6.
     53.  20287.    -65.      2.    -91.     35.      2.
     50.  20692.    -64.      1.    -92.    279.      1.
     45.  21292.    -62.      1.    -92.    346.      1.
     42.  21758.    -61.      1.    -92.     15.      5.
     41.  21869.    -61.      1.    -92.     36.      7.
     40.  22124.    -61.      1.    -91.     32.      6.
     38.  22322.    -60.      1.    -91.     79.      7.
     37.  22556.    -60.      1.    -91.     76.      8.
     36.  22805.    -59.      1.    -91.    103.      5.
     35.  22934.    -60.      1.    -91.    130.      4.
     33.  23307.    -58.      1.    -89.      0.      0.
     32.  23564.    -55.      1.    -87.    112.      5.
     31.  23585.    -55.      1.    -87.    117.      5.
     31.  23636.    -55.      1.    -88.    125.      6.
