   1019.     11.     19.     66.     13.     61.      1.
   1017.     20.     19.     69.     14.     68.      1.
   1000.    169.     18.     67.     12.    110.      4.
    994.    217.     18.     66.     12.     98.      5.
    967.    458.     17.     70.     11.     79.     10.
    949.    612.     15.     75.     11.     56.      7.
    925.    832.     14.     80.     10.     97.      6.
    925.    834.     14.     80.     10.     97.      6.
    919.    888.     13.     82.     10.    102.      5.
    910.    974.     12.     85.     10.    102.      3.
    905.   1016.     13.     86.     10.      0.      0.
    895.   1107.     14.     83.     11.    260.      4.
    885.   1206.     13.     84.     11.    254.      5.
    874.   1306.     13.     87.     11.    259.      8.
    856.   1484.     12.     92.     10.    254.      5.
    850.   1544.     11.     90.     10.    257.      5.
    835.   1695.     10.     89.      8.    283.      6.
    828.   1764.     12.     52.      2.    294.      6.
    823.   1814.     13.     34.     -3.    295.      7.
    820.   1845.     13.     35.     -2.    292.      7.
    810.   1946.     12.     42.      0.    277.      7.
    802.   2034.     11.     43.     -1.    298.      5.
    795.   2104.     11.     44.     -1.    285.      3.
    788.   2175.     10.     45.     -1.    279.      5.
    775.   2317.      9.     59.      2.    328.      7.
    772.   2344.      9.     62.      2.    327.      6.
    761.   2472.      9.     54.      0.    290.      5.
    746.   2631.      8.     56.      0.    318.      7.
    706.   3080.      5.     55.     -3.    316.     10.
    700.   3153.      4.     55.     -4.    322.      9.
    685.   3328.      3.     59.     -4.    316.      9.
    680.   3383.      3.     58.     -4.    314.      9.
    678.   3408.      4.     52.     -5.    313.      9.
    677.   3429.      4.     42.     -7.    313.      9.
    670.   3511.      7.      5.    -31.    297.      7.
    666.   3560.      8.      2.    -38.    281.      6.
    658.   3657.      9.      1.    -45.    277.      4.
    640.   3887.      7.      1.    -46.    247.      3.
    607.   4319.      3.     12.    -24.    292.      4.
    581.   4673.      2.      8.    -29.    284.      9.
    574.   4776.      2.     16.    -22.    300.     10.
    509.   5728.     -5.     19.    -25.    274.      6.
    500.   5866.     -6.     26.    -22.    268.      5.
    489.   6036.     -7.     41.    -18.    265.      5.
    486.   6095.     -7.     44.    -17.    264.      5.
    475.   6263.     -7.     14.    -30.    259.      1.
    472.   6320.     -8.     23.    -25.    258.      0.
    436.   6925.    -12.     59.    -18.    262.      9.
    425.   7123.    -13.     45.    -23.    267.      8.
    423.   7157.    -13.     45.    -23.    265.      8.
    415.   7304.    -15.     51.    -23.    256.      8.
    403.   7528.    -17.     55.    -24.    262.      5.
    400.   7580.    -17.     57.    -24.    260.      5.
    375.   8061.    -22.     79.    -25.    273.      6.
    373.   8091.    -23.     81.    -25.    270.      6.
    368.   8207.    -22.     58.    -28.    258.      0.
    362.   8320.    -21.     40.    -31.    260.      3.
    355.   8456.    -21.     23.    -37.    261.      4.
    344.   8688.    -22.     16.    -41.    259.      7.
    341.   8759.    -22.     12.    -43.    260.      7.
    300.   9689.    -29.      6.    -55.    260.      5.
    262.  10643.    -36.      3.    -65.    260.      4.
    250.  10969.    -38.      5.    -65.    266.      5.
    232.  11477.    -43.      5.    -68.    268.      3.
    200.  12458.    -52.      8.    -72.    253.      3.
    197.  12567.    -53.      8.    -72.    251.      2.
    191.  12754.    -54.      7.    -74.    244.      3.
    171.  13462.    -60.     13.    -75.    251.      3.
    169.  13546.    -61.     15.    -75.    249.      4.
    160.  13883.    -62.      9.    -79.    237.      5.
    150.  14265.    -64.      5.    -84.    247.      9.
    149.  14291.    -64.      5.    -84.    247.     10.
    146.  14440.    -65.      6.    -85.    246.      1.
    117.  15744.    -76.     12.    -89.    252.      7.
    114.  15887.    -76.     12.    -90.    256.      5.
    108.  16222.    -78.     11.    -92.    255.      1.
    100.  16633.    -79.     10.    -93.    230.      1.
    100.  16640.    -79.     10.    -93.    230.      2.
     99.  16723.    -80.     10.    -93.    231.      2.
     91.  17152.    -80.     11.    -93.    255.      2.
     88.  17384.    -80.     11.    -93.    238.      6.
     87.  17425.    -80.     11.    -93.    236.      6.
     85.  17582.    -80.     12.    -93.    248.      6.
     83.  17702.    -77.     12.    -90.    216.      6.
     83.  17712.    -77.     12.    -90.    215.      6.
     80.  17889.    -77.     12.    -90.    215.      9.
     78.  18072.    -76.     12.    -89.    224.      6.
     77.  18115.    -76.     12.    -90.    233.      5.
     75.  18274.    -77.     11.    -90.    267.      4.
     71.  18564.    -73.     10.    -88.    347.      2.
     71.  18592.    -73.     10.    -88.     17.      2.
     70.  18681.    -73.      9.    -88.     89.      3.
     69.  18767.    -72.      8.    -88.    102.      5.
     66.  19055.    -72.      6.    -90.    153.      6.
     64.  19171.    -71.      5.    -89.    165.      5.
     59.  19651.    -70.      3.    -92.     71.      5.
     57.  19925.    -69.      3.    -92.     87.      9.
     55.  20102.    -67.      2.    -92.     88.      8.
     53.  20341.    -66.      2.    -92.    142.      7.
