       1    1033  1034.3     7.2     3.7      78     1.6      60
       2  1032.3  1033.6       7     4.2      82     0.9      70
       3  1032.9  1034.2     6.1       2      75     2.8      60
       4  1033.3  1034.6     4.9       3      87     1.7      60
       5  1033.4  1034.8     4.2       3      92     0.1       0
       6  1033.6    1035       4       3      93     1.6     240
       7  1034.2  1035.6     4.6     3.5      93     0.8     230
       8  1035.1  1036.5     4.2       3      92     1.8     230
       9  1035.7    1037     5.3     3.6      89     1.4     210
      10  1035.4  1036.7     6.4    -0.2      63     2.2      30
      11  1035.5  1036.8       6      -3      52     3.1      50
      12    1035  1036.3     6.1      -2      56     2.4      40
      13    1034  1035.3     5.7    -1.8      58     1.4     360
      14  1033.5  1034.8     4.8    -0.1      71       1      30
      15    1034  1035.4     4.4     0.4      75     2.5      50
      16  1034.2  1035.6     4.2     0.9      79     0.5     340
      17  1034.9  1036.3     4.1     1.3      82     0.5     240
      18  1034.8  1036.1     5.2    -1.8      61     0.7      50
      19  1035.3  1036.6     5.4      -2      59       2      60
      20  1035.5  1036.8     5.6      -2      58     2.1      60
      21  1035.3  1036.6     6.1    -1.8      57     1.5      70
      22  1035.7    1037     6.1    -1.5      58     1.8      50
      23  1035.2  1036.5     6.4    -1.6      57     3.2      50
      24  1035.1  1036.4     6.2    -1.6      57     3.3      60
