       1  1035.1  1036.4     5.9    -1.9      57     3.2      60
       2  1034.6  1035.9     5.7      -2      58     2.4      50
       3  1034.3  1035.6     5.5    -2.1      58       2      50
       4  1034.1  1035.4     5.5    -2.6      56     1.6      60
       5  1033.8  1035.1     5.7    -1.8      58     1.9      70
       6  1034.1  1035.4     5.7    -0.4      65       3      70
       7  1034.5  1035.8     5.6    -0.2      66     2.4      60
       8  1034.9  1036.2       6    -0.5      63     2.3      70
       9    1035  1036.3     6.1     0.3      66     0.1       0
      10    1035  1036.3     7.4       1      64     1.3      30
      11  1034.1  1035.4     7.7     1.6      65     0.8      40
      12  1032.8  1034.1    10.5     3.3      61     1.8      80
      13  1031.5  1032.8     9.3     2.3      62     2.4      60
      14  1030.7    1032     9.2     2.6      63     2.4      70
      15  1030.3  1031.6     8.9     2.7      65     1.5      70
      16  1030.2  1031.5     9.2     3.3      67     1.5      70
      17  1030.4  1031.7     9.3     2.9      64     2.4      80
      18  1030.7    1032     9.4     2.9      64     2.6      70
      19  1030.7    1032     9.4     3.4      66       2      70
      20  1030.7    1032     9.1     4.2      71     0.9      60
      21  1030.7    1032     9.1     4.3      72     1.6      70
      22  1030.6  1031.9     8.9     4.2      72     1.7      70
      23  1030.1  1031.4     8.9     4.2      72     2.1      60
      24  1029.6  1030.9     8.8     3.8      71       2      60
