       1  1011.5  1012.7    25.2    19.9      73     2.3      70
       2  1014.7  1015.9    22.4    19.1      82     1.2      60
       3  1017.6  1018.9    20.6    12.3      59     2.5      70
       4  1017.1  1018.4    20.6    12.9      61     1.7      60
       5  1016.6  1017.8    21.4    13.3      60       2      70
       6  1017.1  1018.4    21.5    14.9      67     1.5      70
       7  1018.3  1019.6    22.2    14.6      62     2.5      60
       8  1016.1  1017.3    24.4    17.3      65     1.8      70
       9  1017.8  1019.1    21.6    18.7      84     1.3      60
      10  1016.8  1018.1    21.8    15.7      68     2.6      70
      11  1015.5  1016.7    22.1    15.4      66     2.5      70
      12  1017.5  1018.8    20.3    16.2      78     1.9      70
      13  1020.7    1022    17.9    14.2      79     2.2      60
      14  1020.5  1021.8    19.1    14.2      73     2.9      60
      15  1019.3  1020.6    20.7    16.3      76     2.3      70
      16  1016.3  1017.6    21.8      18      79     1.8      70
      17  1018.8  1020.1    19.4      17      86     0.7      70
      18  1021.9  1023.2    18.2    13.4      74     1.7      70
      19  1019.6  1020.9    20.2    13.8      67     2.2      70
      20  1016.7    1018    21.7    16.7      74     3.1      60
      21  1015.5  1016.8    22.2      17      73     1.3      70
      22  1014.7    1016      24      17      66     2.8      70
      23  1014.7  1015.9    24.7      17      63     2.5      70
      24  1013.6  1014.9    22.5    17.2      73       1     200
      25  1012.2  1013.4    22.1    17.1      74       1      60
      26    1014  1015.2    22.2    17.1      73     2.5      60
      27  1014.1  1015.3    23.2    19.3      79       3      60
      28  1013.8    1015    24.2      20      78     0.9      70
      29  1012.1  1013.3    25.6    20.8      76     0.8      70
      30  1011.7  1012.9    25.1    20.7      77     0.7     250
