       1    1015  1017.3    17.2    16.7      97     2.2     250
       2  1015.1  1017.4    17.1    16.6      97     2.4     240
       3    1015  1017.3    17.1      17      99     2.1     240
       4  1014.9  1017.2    17.1    16.7      97     2.2     350
       5  1015.1  1017.4    17.4    14.9      85     7.8      40
       6  1015.9  1018.2    17.2    13.9      81     8.3      40
       7  1017.3  1019.6    16.7    13.2      80     8.3      40
       8  1018.2  1020.5    16.5    12.2      76    10.5      40
       9  1019.6  1021.9    16.3    12.1      76    10.6      40
      10  1020.2  1022.5      17    11.9      72     8.3      40
      11  1020.3  1022.6    16.6    11.8      73     6.6      40
      12  1019.9  1022.2    16.1    10.9      71     9.3      40
      13  1019.7    1022    15.8    10.6      71     8.8      40
      14  1019.8  1022.1    14.9     9.4      70     8.2      30
      15  1020.3  1022.6      14     9.1      72     9.1      40
      16  1021.1  1023.4    13.6    10.1      79     9.5      40
      17  1021.5  1023.8    13.3     9.4      77     9.3      50
      18  1022.6  1024.9    13.4     8.6      73     9.8      40
      19  1023.6  1025.9    12.7     8.7      77     8.3      50
      20  1024.3  1026.6    13.2     8.4      73       8      50
      21  1024.7    1027    13.6     7.7      67     6.5      40
      22  1025.1  1027.4    12.8       7      68     8.2      40
      23  1026.2  1028.5    12.4     7.5      72       6      40
      24    1026  1028.4    12.1     5.8      65    10.3      40
