       1  1029.5  1031.9     8.1     6.6      90     3.7     240
       2  1029.3  1031.7     8.1     6.4      89     2.3     230
       3  1028.8  1031.2     8.3     6.2      87     3.1     250
       4  1029.1  1031.5     8.2       7      92     1.8     290
       5  1029.2  1031.6     8.2     7.1      93     2.9     280
       6  1029.9  1032.3     8.7     4.9      77     2.8      30
       7  1030.6    1033     8.8     4.3      73     5.3      20
       8  1031.1  1033.5     8.9     3.8      70     5.1      30
       9  1031.8  1034.2     9.1     4.5      73     1.7     320
      10  1031.9  1034.3     9.5     5.5      76     1.6     280
      11  1031.3  1033.7     9.7       5      72     2.8     260
      12  1030.7  1033.1    10.2     4.7      69     3.3     270
      13  1029.4  1031.8    10.5       5      69     2.3     250
      14  1028.2  1030.6    10.9     5.3      68       1     290
      15  1028.2  1030.6    11.1     4.9      66       2     280
      16  1028.2  1030.6      11     5.7      70     2.1     270
      17  1028.7  1031.1    10.7     6.7      76     1.6     250
      18  1028.8  1031.2    10.8     7.1      78     2.1     260
      19  1029.3  1031.7    10.9     7.8      81     1.6     290
      20  1029.4  1031.8      11     7.9      81     0.7     290
      21  1029.6    1032    10.6       8      84     1.3     260
      22  1029.6    1032    10.6     8.2      85     2.2     250
      23  1029.3  1031.7    10.8     8.1      83     1.9     280
      24    1029  1031.4    10.6     8.4      86     3.1     250
