       1  1028.2  1030.6    10.6     8.5      87     2.3     260
       2  1027.9  1030.3    10.5     8.4      87     2.6     260
       3  1027.3  1029.7    10.6     8.4      86     2.3     260
       4  1027.5  1029.9    10.7     8.7      87     1.9     260
       5  1027.5  1029.9    10.8     8.8      87     1.4     290
       6    1028  1030.4      11     9.1      88     1.9     280
       7  1028.2  1030.6      11     8.9      87     2.3     270
       8    1029  1031.4    11.3     9.1      86     2.1     250
       9  1029.4  1031.8    11.9     9.2      84     1.5     250
      10  1029.4  1031.8    12.4       9      80     1.6     260
      11  1028.4  1030.7    13.4     9.5      77     1.8     260
      12  1027.4  1029.7      14     9.6      75     1.8     240
      13  1025.8  1028.1    14.4     9.2      71     2.2     280
      14  1024.6  1026.9    16.3     9.2      63     1.3     290
      15  1024.3  1026.6    16.7     9.3      62     0.7     210
      16  1024.1  1026.4    16.8     9.3      61     0.6     250
      17  1024.5  1026.8    16.1    10.6      70     1.2     320
      18  1024.6  1026.9    15.8    10.7      72     1.8     280
      19  1025.3  1027.6    15.6    11.3      76     1.6     310
      20  1025.5  1027.8      15      12      82     1.6     270
      21  1025.8  1028.1    14.9    11.6      81     2.3     250
      22  1025.4  1027.7    14.7    11.6      82       2     220
      23  1025.7    1028    14.8    11.9      83     3.5     240
      24  1025.4  1027.7    14.7    11.9      83     3.9     240
