       1  1025.7  1028.1    11.5     5.3      66     8.8      40
       2  1025.6    1028    10.8     5.7      71     7.8      40
       3  1025.5  1027.9      11     5.9      71     7.3      50
       4  1025.2  1027.6    10.4     5.3      71     9.4      50
       5  1025.4  1027.8    10.3     5.3      71     6.3      40
       6  1026.1  1028.5    10.4       6      74     5.1      40
       7  1026.8  1029.2      10     6.3      78     3.3     340
       8    1028  1030.4       9     8.2      95     4.6     230
       9  1028.4  1030.8     9.4     8.7      95     4.4     240
      10  1028.2  1030.6      10     8.9      93     4.6     240
      11  1027.6    1030    10.1     8.7      91     4.8     240
      12  1026.9  1029.3    10.4     8.5      88     2.9     260
      13  1026.4  1028.8    10.4     8.9      90     1.6     360
      14  1025.5  1027.9     9.9     7.2      83       5      40
      15  1025.5  1027.9     9.7     6.2      79     5.1      40
      16  1026.2  1028.6     9.7     6.1      78     3.9      20
      17    1027  1029.4     9.3     7.1      86     1.6      30
      18  1027.6    1030     9.2     6.4      83     3.7      40
      19  1028.2  1030.6     8.9     6.6      85     4.3      30
      20    1029  1031.4       9     5.9      81     4.6      30
      21  1029.9  1032.3     8.7     6.3      85     3.1     360
      22  1030.3  1032.7     8.6     5.3      80     2.3      10
      23  1029.8  1032.2     8.7     5.7      81     2.4     230
      24       0       0       0       0       0       0       0
      25       0       0       0       0       0       0       0
      26       0       0       0       0       0       0       0
      27       0       0       0       0       0       0       0
      28       0       0       0       0       0       0       0
      29       0       0       0       0       0       0       0
      30       0       0       0       0       0       0       0
