       1  1030.1  1030.5     7.2       0      60     3.8     360
       2  1029.2  1029.6     7.1    -0.3      59     3.2      10
       3  1028.9  1029.3     7.3     0.4      62     3.5     360
       4  1028.7  1029.1     7.4     0.3      61     3.9      10
       5  1028.5  1028.9     7.3     0.6      62     4.5      20
       6  1028.5  1028.9     7.3       1      64       3      20
       7  1029.4  1029.8     7.6     1.5      65     3.1      10
       8    1030  1030.4     7.8     1.4      64     3.7      10
       9  1030.8  1031.2     8.5     1.8      63     2.9      20
      10  1030.6    1031     9.7     2.5      61     2.7      20
      11    1030  1030.4    11.3       4      61     2.7      10
      12  1029.3  1029.7    13.2     4.8      57     2.2      10
      13  1028.3  1028.7    13.4     4.7      56     3.2      20
      14    1027  1027.4    14.3     5.8      57     2.1     360
      15  1026.3  1026.7    15.7     6.3      54     1.5     350
      16  1026.2  1026.6    15.6     6.8      56     1.1     340
      17  1026.6    1027    15.1     6.2      55     2.2     340
      18  1026.9  1027.3      14     5.5      57       2     350
      19  1027.1  1027.5    13.5     5.5      58     1.4      10
      20  1027.9  1028.3    13.3       6      61     2.2     350
      21  1028.2  1028.6    12.7     5.9      63     1.3      20
      22  1028.1  1028.5    12.6     6.3      65     1.3      20
      23  1028.1  1028.5    12.6     6.3      65     2.1      20
      24  1027.4  1027.8    12.3     6.7      69     1.8      30
