       1  1026.5  1026.9    11.9     6.6      70     1.7      20
       2    1026  1026.4    11.5     6.9      73     0.9      10
       3  1025.8  1026.2    11.3     6.9      74     1.1      20
       4  1026.3  1026.7      11     6.8      75     1.7     360
       5  1026.3  1026.7    10.8     6.7      76       3      30
       6  1026.3  1026.7    10.9     7.1      77     2.5      30
       7  1026.8  1027.2      11     7.2      77     1.3      10
       8  1027.2  1027.6      12     7.7      75     1.5      30
       9  1027.7  1028.1    14.5     9.4      71     1.6      10
      10  1027.5  1027.9    17.3    10.9      66     1.3      10
      11  1026.1  1026.5    19.2    11.2      60     0.9     330
      12  1025.2  1025.6    19.5      12      62     2.9     290
      13  1023.9  1024.3    20.6    12.6      60     2.7     290
      14  1023.3  1023.7    20.8    12.5      59     2.9     300
      15  1022.6    1023    20.6    11.9      57     2.9     300
      16  1022.3  1022.7    20.5    11.8      57       3     300
      17    1023  1023.4    19.8    11.3      58       3     310
      18  1023.2  1023.6      19    11.4      61     1.9     340
      19  1023.7  1024.1    18.4    10.9      62     1.4     350
      20  1023.8  1024.2    17.9    10.1      60     1.4      10
      21  1024.4  1024.8    17.3    10.5      64     1.6      10
      22  1024.7  1025.1    16.5    10.7      69     0.8      10
      23  1024.7  1025.1    16.6    11.1      70     2.3      20
      24  1024.7  1025.1    16.5    11.4      72     1.8      20
