       1  1017.2  1017.6    19.2    15.7      80     2.7     320
       2  1017.1  1017.5    17.9    14.6      81     4.2     360
       3  1016.3  1016.7    17.5    13.9      79     4.1      20
       4  1016.1  1016.5    17.3    13.8      80     4.1     350
       5  1016.5  1016.9    16.8    13.1      79     3.8     350
       6  1017.1  1017.5    15.8    12.4      80     3.3      10
       7  1018.3  1018.7    15.4    11.9      80     3.7     350
       8  1019.2  1019.6    14.9    11.7      81       4     350
       9  1020.8  1021.2    13.7    10.8      83     4.6     350
      10  1021.1  1021.5    13.8    11.1      84     3.6     360
      11  1020.8  1021.2    13.7    10.8      83       3      10
      12  1020.4  1020.8    13.9    11.1      83     3.9     340
      13  1020.2  1020.6    13.8    11.3      85     3.1     360
      14  1019.9  1020.3    13.7    10.6      82     4.7     360
      15  1019.9  1020.3    13.6    10.3      80     4.4     350
      16  1019.9  1020.3    13.3     9.8      79       3      10
      17  1021.1  1021.5      13     9.4      79     3.2      10
      18  1022.1  1022.5    12.1     9.1      82     4.2     350
      19  1022.8  1023.2    12.3     9.1      81     2.3      10
      20  1023.9  1024.3    11.6     8.2      80     3.6     360
      21  1024.3  1024.7    11.2     7.9      80     2.9      20
      22  1024.6    1025      11     8.6      85     2.7     340
      23  1025.2  1025.6    10.5     8.1      85     4.1     350
      24  1025.2  1025.6    10.4     7.8      84     3.4      10
