       1  1025.3  1025.7    10.1     7.5      84     3.5     350
       2    1025  1025.4    10.2     7.1      81       5     340
       3  1024.2  1024.6     9.3     6.6      83     4.9     350
       4  1025.2  1025.6     8.4     6.1      85       5     350
       5  1025.3  1025.7     7.7     5.2      84     4.4      10
       6  1027.1  1027.5     7.2     4.8      85       5     360
       7  1028.4  1028.8     7.2     4.5      83     5.8     360
       8  1028.4  1028.8     7.5     4.4      81     5.3      20
       9  1028.6    1029     8.2     4.4      77     5.6      10
      10  1029.4  1029.8     8.2     4.6      78     5.4      20
      11  1029.9  1030.3     8.4     5.4      81     4.3     350
      12  1029.2  1029.6     7.8       5      82     4.1     360
      13  1029.1  1029.5     7.6     4.4      80     4.3     350
      14  1028.5  1028.9     7.7       3      72     4.3      10
      15  1027.9  1028.3     7.4     3.7      77     4.6     360
      16  1028.5  1028.9     7.9     3.3      73     4.7     360
      17  1029.2  1029.6     7.5     1.7      67     4.3     360
      18  1029.4  1029.8     7.3     1.8      68     4.5      10
      19    1030  1030.4     7.2       2      69     3.8     360
      20  1030.5  1030.9     7.4       2      69     2.5     360
      21  1030.8  1031.2     7.2     2.5      72     3.6     350
      22  1030.9  1031.3     7.4     0.9      63     3.6     360
      23  1030.7  1031.1     7.3       0      60     3.6      10
      24  1030.5  1030.9     7.2     0.7      63     3.4     360
