       1    1032  1033.4     8.7     1.5      61     6.9     360
       2  1030.5  1031.9     8.9     1.8      61     5.9     360
       3  1030.9  1032.3     8.9     1.6      60     6.8     360
       4  1030.1  1031.5     8.7     1.6      61     7.3      10
       5  1030.1  1031.5     8.6     2.7      66     6.8     360
       6  1031.1  1032.5     8.2     1.9      64     6.8     360
       7  1031.5  1032.9     8.2     2.3      66     6.6     360
       8  1031.8  1033.2     8.7     2.7      66     7.4     360
       9  1032.4  1033.8     9.8       3      63       7     360
      10  1032.5  1033.9    10.4     3.9      64     7.4     360
      11  1031.8  1033.2    11.2     4.2      62     7.3     360
      12  1031.1  1032.5    11.7     4.5      61     8.1      10
      13  1029.6    1031    12.1     4.3      59     7.8     360
      14  1028.7  1030.1    11.9     4.6      61     6.8      10
      15    1028  1029.4    12.6     5.4      61     7.8     360
      16    1028  1029.4    11.9     5.5      65     6.8     360
      17  1028.1  1029.5    11.4     5.5      67     7.1     360
      18  1028.2  1029.6    11.4     5.2      66     6.3     360
      19  1028.2  1029.6    11.5     5.5      67     6.8     360
      20  1029.1  1030.5    11.9       6      67     5.8      10
      21  1029.1  1030.5      12     6.3      68     5.7     360
      22  1029.1  1030.5      12     6.1      67     6.7     360
      23  1028.8  1030.2      12     6.3      68     6.9      10
      24  1028.5  1029.9    11.9     6.3      69     6.5      10
