       1  1027.5  1028.9    12.2     6.4      68     6.1      10
       2  1026.8  1028.2    12.4     6.4      67     6.5      10
       3  1027.6    1029    12.5     6.7      68     5.5      10
       4  1027.1  1028.5    12.5     6.7      68       5     360
       5  1027.1  1028.5    12.6       7      69     5.7      10
       6  1027.5  1028.9      13     7.2      68       5     360
       7  1027.3  1028.7      13     7.5      69     5.2      10
       8  1028.1  1029.5    13.8     8.1      68     4.4     360
       9  1028.1  1029.5    15.1       9      67     5.5     360
      10  1027.7  1029.1      16       9      63     6.2      10
      11  1027.4  1028.8    16.7     9.5      62       5     360
      12  1026.5  1027.9    17.1     9.8      62     5.1     360
      13  1024.8  1026.2    17.5      10      61     6.3      10
      14  1024.1  1025.5    17.2     9.7      61     5.8     360
      15  1023.2  1024.6    16.9    11.7      71     5.5     360
      16  1023.5  1024.9    16.2    11.7      75       6     350
      17  1023.7  1025.1    15.4    11.4      77     5.1     360
      18  1023.9  1025.3    14.9    11.6      81     5.2     360
      19  1023.7  1025.1    14.7    11.5      81     5.1     360
      20  1025.1  1026.5    14.8    11.8      82     4.1     350
      21  1025.2  1026.6    14.8    11.9      83     5.3     350
      22    1025  1026.4    14.6    11.9      84     5.6     350
      23  1025.3  1026.7    14.5    11.8      84     4.8     350
      24  1025.1  1026.5    14.5    11.9      84     4.3      10
