       1  1027.5  1028.9    11.9     3.8      58     9.3     360
       2  1027.3  1028.7    11.3     3.6      59    10.4     360
       3  1027.8  1029.2    10.1     3.3      63     9.4     360
       4  1027.9  1029.3     9.6     3.9      68     9.3     360
       5  1028.8  1030.2     8.8     4.8      76     8.1      10
       6  1029.7  1031.1     8.9     4.4      73       8     360
       7  1030.3  1031.7     8.3     4.7      78     7.4     360
       8  1030.9  1032.3     8.7       4      72     8.3      10
       9    1031  1032.4     9.3     3.3      66     9.6      10
      10    1032  1033.4     9.4     3.4      66     8.4      10
      11  1032.4  1033.8     9.2     2.9      65     7.4     360
      12    1032  1033.4     8.7     2.9      67     7.3     360
      13  1031.5  1032.9     8.5     2.6      66     7.9     360
      14  1030.8  1032.2     8.5     1.9      63     8.2     350
      15  1031.1  1032.5     8.1     0.4      58     7.6     360
      16  1031.4  1032.8       8     0.7      60     7.1     360
      17  1032.1  1033.5     7.9     0.2      58     8.3     360
      18  1032.2  1033.6       8     0.2      58       7     360
      19  1032.5  1033.9       8     0.1      57     6.8     360
      20  1032.5  1033.9     8.2    -0.1      56     7.1     360
      21    1033  1034.4     8.3     0.8      59     6.9     360
      22  1032.7  1034.1     8.2     0.6      59       7     360
      23  1032.9  1034.3     8.3     0.6      58     7.3     360
      24  1032.5  1033.9     8.4     0.3      57       7     360
