       1    1020  1021.4    13.2    12.4      95     7.5     360
       2  1019.6    1021    13.5    12.7      95     7.8     360
       3  1019.8  1021.2    13.5    12.1      91     7.3     360
       4  1019.7  1021.1    12.7    11.6      93     7.9     360
       5  1020.1  1021.5    12.8    10.3      85     7.3     360
       6  1020.3  1021.7    13.1     9.6      79     9.3     360
       7  1021.5  1022.9    13.1     9.3      78       9     360
       8  1022.8  1024.2    13.2     9.6      79     9.2     360
       9  1023.8  1025.2    12.7     9.7      82     8.9     360
      10  1023.9  1025.3    12.1    10.4      89     8.6     360
      11  1023.8  1025.2    12.5     9.1      80     9.1     360
      12  1023.4  1024.8    12.4     8.4      77     9.9     360
      13    1023  1024.4    12.6     7.2      70    10.1     360
      14  1022.5  1023.9    11.6     7.8      77     9.7     360
      15    1022  1023.4    11.8     7.8      76     8.7     360
      16  1022.8  1024.2    11.9     7.8      76     8.8     360
      17  1023.8  1025.2    11.9     7.5      74     8.2     360
      18  1025.2  1026.6    11.6     6.7      72     9.2     360
      19  1024.8  1026.2    11.7     6.5      70    10.2     360
      20  1025.6    1027    11.9     6.4      69     8.9      10
      21    1026  1027.4      12     6.1      67     8.4     360
      22  1026.7  1028.1    12.3     5.7      64       9     360
      23  1027.6    1029    12.3     4.7      60     8.9     360
      24  1026.6    1028    12.1     3.5      56    10.1      10
