       1  1017.2  1027.8     7.6     4.2      79     3.6     340
       2  1016.9  1027.5     7.2       3      75     3.5     360
       3  1017.3    1028     6.4     2.4      76       5      10
       4  1017.6  1028.3     5.9     2.1      77     3.5      10
       5    1018  1028.7     5.9     1.8      75     3.8      10
       6  1019.4  1030.1     5.7     1.9      77     4.3     360
       7  1020.4  1031.1     5.7     1.5      74     5.4      10
       8  1021.3    1032     6.4     2.6      77     1.7      30
       9  1021.3    1032       7     3.1      76     1.8      20
      10  1021.4  1032.1     5.8     2.6      80     2.7     330
      11  1021.5  1032.2     5.7       1      72     3.3     360
      12  1021.7  1032.4     5.8     0.3      68     4.6      10
      13  1021.4  1032.1     5.6    -0.2      66     4.4      10
      14  1021.4  1032.1     5.6    -0.5      65     2.7      10
      15  1021.5  1032.2     5.5    -0.4      66     3.1     360
      16  1021.7  1032.5     5.4    -0.4      66     2.8     360
      17  1022.4  1033.2     5.3    -0.3      67       3      10
      18  1022.5  1033.3     5.2    -0.6      66     2.5     340
      19  1022.5  1033.3     5.1    -0.7      66     2.8     360
      20  1022.8  1033.6     5.1    -0.9      65       4     360
      21  1022.5  1033.3     5.1    -1.5      62       4      10
      22  1022.5  1033.3     5.2    -1.8      61     4.3     360
      23    1022  1032.7     5.6    -1.4      61     2.6      10
      24  1021.7  1032.4     5.8    -1.5      59       3      10
