       1  1008.7    1019    14.5      12      85     4.3      10
       2  1009.7    1020    13.7    11.3      85     4.5     360
       3  1009.7    1020    13.9    11.2      84     3.2     340
       4  1009.2  1019.5    13.1    10.5      84     3.7      10
       5  1009.7    1020    12.8      10      83       4     360
       6  1009.5  1019.9    12.3     9.1      81     4.7      10
       7  1009.7  1020.1    12.5     8.9      79     2.9     360
       8  1010.9  1021.3    12.3     8.5      78     5.5     360
       9  1012.6    1023    11.8     8.4      80     3.8      10
      10  1012.4  1022.8    12.4     8.8      79       3     360
      11  1012.6    1023    11.8     8.7      81     4.2     360
      12  1012.3  1022.7      11     8.2      83     3.9     360
      13  1012.2  1022.7    10.6     8.2      85     4.3     360
      14  1011.8  1022.3    10.4     7.9      84     3.7     360
      15  1011.8  1022.3      10     7.3      83     4.7      10
      16  1012.1  1022.6     9.8     6.9      82     4.8     360
      17  1012.5    1023     9.8     6.6      80     5.6     360
      18  1014.3  1024.8     8.9     6.1      83     4.6     360
      19    1015  1025.6     8.7       6      83     4.1      10
      20    1015  1025.5     9.1       6      81     2.2      20
      21  1015.6  1026.1     9.1     5.8      80     3.7     360
      22    1016  1026.5     9.2     5.4      77     3.3      10
      23  1016.5  1027.1     8.6     4.9      78     3.7     360
      24  1016.9  1027.5     7.7     4.1      78     5.1      10
