       1  1021.6  1032.3       6    -1.3      59     2.7     360
       2  1020.9  1031.6     5.9    -1.5      59     2.5      10
       3  1020.4  1031.1     5.6    -1.2      62     3.4     360
       4  1020.9  1031.7     5.1    -1.5      62       3      10
       5  1020.5  1031.3     4.7    -1.7      63       3     360
       6  1020.3  1031.1     4.5    -1.8      64     2.8     360
       7  1021.4  1032.2     4.6    -1.7      64     3.4     360
       8  1021.6  1032.3     5.6    -1.3      61     2.7     360
       9  1021.7  1032.4     7.6     0.1      59     3.8      10
      10  1021.7  1032.3     9.1     1.4      59     1.9     340
      11  1021.2  1031.7    11.1     2.6      56     2.2     340
      12  1020.2  1030.7    12.4     2.8      52       2     300
      13  1018.7  1029.1    13.7     3.5      50     2.1     350
      14  1017.7  1028.1    13.6     3.5      50     2.8     320
      15    1017  1027.4    13.8     3.8      51     2.7     330
      16  1017.2  1027.6    12.7       3      52     3.9     350
      17  1017.6  1028.1    11.4     3.3      57     2.4     350
      18    1018  1028.5    10.3     3.5      63     2.7     350
      19  1018.4    1029     9.3     3.5      67     2.2     350
      20  1018.6  1029.2     8.7     3.6      70     2.5     340
      21    1019  1029.6     8.4     3.6      72     2.4     350
      22  1019.3  1029.9     8.2     3.7      73     1.1      20
      23  1019.3  1029.9     8.2     3.9      74     0.9     330
      24  1018.9  1029.5     7.9     3.7      75     1.8      10
