       1  1018.1  1028.7     7.4     3.7      77     0.3     300
       2  1017.4  1028.1     6.7     3.6      81     0.1       0
       3  1017.4    1028       7     3.7      79     0.8     330
       4  1017.9  1028.6     6.6     3.7      82     0.3      40
       5  1017.9  1028.6     6.3     4.3      87     0.1       0
       6  1017.8  1028.5     6.7     4.6      86     0.5     340
       7  1018.2  1028.8     7.2     4.7      84     0.8     310
       8  1017.9  1028.5     8.8       6      83     0.2       0
       9  1018.7  1029.2    11.3       7      75     0.6      50
      10  1018.4  1028.8    14.6     8.1      65     0.1       0
      11  1017.2  1027.5    16.8     8.2      57     0.7     260
      12  1016.5  1026.7    19.3     7.4      46     0.9     260
      13  1015.1  1025.3    19.4     5.7      41     1.5      10
      14    1014  1024.1    20.7     4.5      34     1.9     360
      15  1013.5  1023.7    19.2     7.3      46     3.1     350
      16  1013.6  1023.8    18.2     9.2      56     2.1     330
      17    1014  1024.2    17.4     9.8      61     2.2     340
      18  1013.9  1024.2    16.5    10.2      66     2.1     350
      19  1014.4  1024.7    16.2    10.1      67     1.1     330
      20  1013.7    1024    16.2    10.3      68     1.2     340
      21  1014.7    1025    14.6    10.4      76     0.7     140
      22  1015.4  1025.7    14.4    10.5      77     0.6     160
      23  1015.7  1026.1    14.1    10.8      81     0.1       0
      24  1015.5  1025.9    14.2    10.7      79     0.1       0
