       1  1030.9  1034.7       7     3.4      78     2.8      20
       2  1030.2    1034     6.6     3.7      82     1.6      70
       3  1030.7  1034.5     5.9     2.7      80     2.9      20
       4  1031.3  1035.2     4.8     2.7      86     1.5      10
       5  1030.9  1034.8     4.2     2.7      90     2.1      20
       6    1031  1034.9     4.7     2.8      87     1.2     170
       7    1032  1035.9     4.4     2.7      89     1.5     190
       8  1032.7  1036.6     4.4     2.9      90     2.7     190
       9  1033.4  1037.2     5.7     4.3      91     2.2     290
      10    1033  1036.8     6.3     2.6      77     2.8     300
      11    1033  1036.8       6     1.6      73     2.5     320
      12  1032.3  1036.1     6.4     1.9      73     4.1     320
      13  1031.6  1035.4     5.8       0      66     2.8     320
      14  1030.9  1034.7     5.3     0.2      70       2     300
      15  1031.4  1035.3     4.8     0.8      75     1.5     290
      16  1031.7  1035.5       5     0.8      74     0.9     280
      17  1032.3  1036.1     5.2    -0.2      68     1.7     340
      18  1032.5  1036.3     5.4    -0.9      64     1.1     330
      19  1032.9  1036.7     5.5    -1.4      61     1.6     350
      20  1033.1  1036.9     5.7    -1.1      62     1.3      10
      21  1032.7  1036.5       6    -0.3      64       1     350
      22  1033.2    1037     6.3    -0.5      62     1.9     340
      23  1032.8  1036.6     6.4    -0.5      61     1.6     340
      24  1032.5  1036.3     6.2    -0.7      61     1.8     360
