       1  1032.6  1036.4     5.9    -0.1      65     1.4     350
       2  1032.3  1036.1     5.8    -1.3      60     2.5     330
       3  1031.8  1035.6     5.7    -1.4      60     2.4     330
       4  1031.5  1035.3     5.6      -2      58     0.9     300
       5  1031.4  1035.2     5.6    -0.4      65     1.9      20
       6  1031.7  1035.5     5.4     0.3      70     2.8      50
       7    1032  1035.8     5.7    -0.2      66     1.7      40
       8  1032.6  1036.4       6     0.1      66     1.4      20
       9  1032.6  1036.4     6.3     0.4      66     2.2     130
      10  1032.6  1036.4     7.1     1.8      69     1.4     130
      11  1031.8  1035.6     7.2     1.9      69     1.5     120
      12  1030.6  1034.4     8.1     2.2      66     1.8      70
      13  1029.3  1033.1     8.7     2.9      67     2.7      90
      14  1028.4  1032.2     8.9     3.2      67     2.7      60
      15  1027.9  1031.7     8.8     3.5      69     1.7      90
      16  1027.9  1031.7     9.2     3.5      67     2.3      60
      17  1028.2    1032     9.3     3.3      66     2.9      50
      18  1028.5  1032.3     9.4     3.3      66     2.9      60
      19  1028.6  1032.4     9.5     3.7      67     1.7      70
      20  1028.8  1032.6     9.6     4.1      69     2.4      70
      21  1028.6  1032.4     9.8     4.2      68     2.3      60
      22  1028.5  1032.3     9.7     3.9      67     1.9      80
      23    1028  1031.8     9.5     3.8      68     2.8      80
      24  1027.6  1031.4     9.3     3.4      67     2.7     100
