       1  1018.4  1022.1    14.1    12.8      92     0.6     280
       2  1018.8  1022.5    13.7    12.5      92     0.9     280
       3  1019.3    1023    13.4    11.9      91     0.6     260
       4    1020  1023.7    12.2    10.9      92     2.4     310
       5  1020.6  1024.3    11.9    10.4      91     0.4     310
       6  1021.6  1025.3    11.8    10.1      89     0.5     270
       7  1022.2  1025.9    11.8     9.6      86     2.4      20
       8  1023.9  1027.6    11.6     9.8      89     1.1     250
       9  1024.7  1028.4    11.2      10      92     1.1      40
      10  1025.3    1029    11.3     9.4      88     3.2     360
      11  1025.6  1029.3    11.5     9.4      87     0.9      20
      12  1024.9  1028.6    11.1     8.7      85     2.2      10
      13  1023.8  1027.5    10.7     8.4      86       2      10
      14  1024.2  1027.9    10.3     7.7      84     2.1      20
      15  1024.4  1028.2     9.7     6.5      80     3.5      40
      16  1024.6  1028.4     9.4     6.5      82     3.5      20
      17  1025.4  1029.2     9.1     6.2      82     3.1      50
      18  1026.6  1030.4     8.9     6.4      84     1.3     360
      19  1027.6  1031.4       9     6.1      82     1.8      50
      20  1027.7  1031.5     8.7     6.3      85     1.4      70
      21    1028  1031.8     8.5     5.5      81     2.3      40
      22  1028.6  1032.4       8     4.8      80     2.2      10
      23    1030  1033.8     7.6     4.3      80     2.2     350
      24    1030  1033.8     7.7     3.8      76     1.7      50
