       1  1026.9  1030.7     8.8     3.3      68     2.1     110
       2  1026.1  1029.9       9     3.4      68     2.3     110
       3  1025.7  1029.5     9.3     3.8      68     1.8     120
       4  1025.6  1029.4     9.7     4.4      70     2.3     130
       5  1025.6  1029.4    10.2     5.1      71     2.7     110
       6  1026.1  1029.8    11.2     5.8      69       3      70
       7  1026.3    1030    11.1     6.8      75     2.7     100
       8  1026.1  1029.8    12.3     7.1      71     3.7      80
       9  1026.5  1030.2    14.5     8.3      66     4.5      60
      10  1026.2  1029.9    16.2     9.7      65     4.3      70
      11  1024.7  1028.4    17.9    10.4      61     3.7      80
      12  1023.9  1027.5    18.1    10.8      62     4.1     120
      13  1022.6  1026.2    17.6    10.3      62     4.7     120
      14  1021.6  1025.2    19.5    12.2      63     2.9      70
      15  1020.8  1024.4    19.4    11.6      61     2.8      90
      16  1021.1  1024.7    18.5    10.9      61     2.8     100
      17  1021.6  1025.2    17.4    10.1      62     2.2     120
      18    1022  1025.7    16.9    10.1      64     1.7     110
      19  1022.2  1025.9    16.7    10.1      65     1.9     120
      20  1022.4  1026.1    16.2    10.3      68     1.3     120
      21  1021.9  1025.6    16.1    10.9      71       2      80
      22  1022.3    1026    15.4    10.8      74     1.1      90
      23  1022.3    1026    16.8    11.5      71     3.2      50
      24  1021.8  1025.5    16.8    11.7      72     3.8      60
