466990 2014081900 01 1008.6 00019  26.7  24.7 200   2.6  89
466990 2014081900 02 1007.2 00032  26.4  23.7 193   2.4  85
466990 2014081900 10 1000.0 00095  25.6  23.4 199   4.5  87
466990 2014081900 06  986.1 00219  25.8  22.0 218   5.4  80
466990 2014081900 10  925.0 00782  23.1  19.0 197   6.8  78
466990 2014081900 06  923.8 00793  23.0  19.0 196   6.4  78
466990 2014081900 02  922.8 00803  22.9  18.9 197   5.9  78
466990 2014081900 06  909.0 00934  23.2  18.2 219   5.2  74
466990 2014081900 02  901.8 01004  23.4  17.7 211   6.2  70
466990 2014081900 10  850.0 01519  19.9  15.4 201   9.7  75
466990 2014081900 06  821.7 01811  18.4  13.6 205  13.2  74
466990 2014081900 02  798.2 02060  16.4  13.1 202  12.2  81
466990 2014081900 06  797.2 02070  16.4  13.0 202  12.1  80
466990 2014081900 06  774.6 02315  15.3  12.3 179   9.9  82
466990 2014081900 06  757.4 02506  14.3  11.0 204   8.7  80
466990 2014081900 06  745.2 02644  13.6   9.7 187  11.8  78
466990 2014081900 10  700.0 03170  11.7   5.9 180  11.3  68
466990 2014081900 02  697.9 03195  11.6   6.0 179  11.2  69
466990 2014081900 06  673.0 03498   9.7   5.1 172  12.1  73
466990 2014081900 06  636.4 03961   6.7   1.5 189  10.0  70
466990 2014081900 06  619.6 04181   5.2   0.4 177   8.5  71
466990 2014081900 06  573.5 04808   0.9  -1.9 188  10.5  81
466990 2014081900 06  553.4 05094  -0.1  -3.8 227  11.1  76
466990 2014081900 02  524.6 05521  -3.4  -4.2 241  10.8  94
466990 2014081900 06  520.4 05585  -3.6  -4.7 243  10.4  92
466990 2014081900 06  505.4 05816  -4.6  -5.9 209  10.0  91
466990 2014081900 10  500.0 05900  -5.1  -6.5 217   8.8  89
466990 2014081900 06  497.3 05943  -5.4  -6.9 221   9.2  89
466990 2014081900 02  494.7 05984  -5.7  -7.0 216   9.6  90
466990 2014081900 06  488.9 06076  -5.6  -9.1 193  10.2  77
466990 2014081900 06  475.7 06290  -6.5 -11.5 174   8.7  68
466990 2014081900 02  475.0 06302  -6.5 -11.6 174   8.7  67
466990 2014081900 06  454.5 06646  -8.6 -11.7 211   8.2  78
466990 2014081900 06  447.0 06774  -9.7 -12.1 190   7.7  83
466990 2014081900 02  445.8 06795  -9.9 -12.1 190   8.1  84
466990 2014081900 06  433.5 07010 -10.9 -13.7 183   7.0  80
466990 2014081900 06  419.5 07264 -12.6 -15.2 206   5.3  81
466990 2014081900 10  400.0 07625 -14.7 -18.4 175   5.0  73
466990 2014081900 06  399.5 07634 -14.8 -18.6 176   5.1  73
466990 2014081900 06  386.2 07890 -16.5 -20.8 188   6.0  69
466990 2014081900 02  380.3 08005 -16.7 -22.2 201   5.5  63
466990 2014081900 06  371.2 08188 -18.1 -22.8 234   5.7  67
466990 2014081900 04  312.7 09446 -28.0 -33.2 273   0.5  61
466990 2014081900 02  310.9 09487 -28.4 -33.5 328   0.7  62
466990 2014081900 02  302.0 09695 -30.0 -37.2  43   2.1  50
466990 2014081900 10  300.0 09742 -30.3 -41.0  52   2.6  35
466990 2014081900 02  298.1 09787 -30.4 -48.1  61   2.4  16
466990 2014081900 02  276.7 10312 -34.8 -41.5 141   1.7  51
466990 2014081900 02  262.5 10676 -36.9 -59.2 100   3.0   8
466990 2014081900 06  251.6 10969 -39.3 -59.1  63   5.1  11
466990 2014081900 10  250.0 11013 -39.5 -58.3  57   5.3  12
466990 2014081900 06  243.4 11196 -41.2 -51.8  47   5.1  31
466990 2014081900 02  235.1 11431 -43.3 -54.5  57   6.6  29
466990 2014081900 02  233.3 11481 -43.3 -65.5  58   6.8   7
466990 2014081900 06  215.3 12017 -47.1 -59.1  58  11.4  24
466990 2014081900 02  208.5 12230 -48.9 -57.2  52  13.5  38
466990 2014081900 04  201.2 12463 -50.6 -61.6  43  15.5  27
466990 2014081900 10  200.0 12501 -50.9 -62.1  43  15.5  26
466990 2014081900 02  183.2 13064 -55.8 -63.7  37  13.8  37
466990 2014081900 02  179.9 13181 -56.6 -69.8  36  13.6  18
466990 2014081900 06  178.2 13241 -57.0 -69.5  33  13.5  20
466990 2014081900 06  163.1 13793 -62.0 -69.4  44  13.7  38
466990 2014081900 02  153.6 14164 -65.4 -70.4  38  14.0  51
466990 2014081900 10  150.0 14306 -66.7 -72.0  37  15.5  48
466990 2014081900 04  148.2 14379 -67.1 -72.7  37  16.1  46
466990 2014081900 02  143.7 14567 -68.9 -74.9  31  14.7  43
466990 2014081900 06  138.0 14808 -69.4 -77.6  46  13.3  31
466990 2014081900 06  130.4 15145 -70.2 -80.3  15  13.6  23
466990 2014081900 02  130.2 15155 -70.3 -80.5  15  13.7  22
466990 2014081900 06  117.2 15771 -74.8 -82.7  40  12.0  30
466990 2014081900 03  116.4 15812 -75.1 -82.8  43  11.7  31
466990 2014081900 06  111.4 16067 -74.4 -83.3  68   8.1  26
466990 2014081900 06  105.4 16390 -74.9 -84.5  36   6.7  22
466990 2014081900 06  102.8 16531 -74.6 -84.9  45   7.6  20
466990 2014081900 12  100.0 16693 -73.2 -83.9  84   9.7  20
466990 2014081900 06   97.9 16815 -73.6 -84.4  95   9.8  19
466990 2014081900 06   93.6 17079 -73.7 -86.0  62   9.2  15
466990 2014081900 06   90.6 17269 -71.9 -85.8  59   7.6  12
466990 2014081900 06   86.9 17515 -73.1 -87.8  93   7.3  10
466990 2014081900 04   81.5 17892 -73.8 -88.6  55   3.4  10
466990 2014081900 02   80.6 17958 -74.2 -89.0  36   3.8  10
466990 2014081900 06   79.7 18022 -73.8 -89.0  36   5.3   9
466990 2014081900 06   76.9 18229 -71.9 -87.9  68  10.9   8
466990 2014081900 06   72.9 18548 -72.5 -89.9  55  11.7   6
466990 2014081900 10   70.0 18785 -72.5 -89.9  69  10.4   6
466990 2014081900 02   68.2 18936 -72.0 -90.8  78  12.1   5
466990 2014081900 06   64.9 19234 -68.4 -89.9  95  11.8   4
466990 2014081900 06   63.2 19389 -67.1 -89.8  76  13.3   3
466990 2014081900 02   62.3 19481 -66.0 -89.3  78  14.2   3
466990 2014081900 02   56.3 20095 -68.0 -91.7  80  18.8   3
466990 2014081900 04   52.6 20496 -65.7 -90.3  91  22.3   2
466990 2014081900 10   50.0 20809 -66.2 -91.0  96  18.0   2
466990 2014081900 06   49.6 20855 -66.6 -91.2  97  17.1   2
466990 2014081900 02   48.7 20970 -66.7 -91.9  96  14.8   2
466990 2014081900 06   44.5 21519 -63.1 -90.1  80  17.5   2
466990 2014081900 06   41.8 21909 -59.8 -88.7 113  18.8   1
466990 2014081900 02   41.6 21937 -59.5 -88.0 113  18.2   2
466990 2014081900 06   40.6 22090 -60.0 -88.5 112  15.7   2
466990 2014081900 04   39.3 22285 -58.8 -88.0  97  12.3   1
466990 2014081900 06   38.1 22493 -58.3 -87.6  76  15.6   1
466990 2014081900 02   36.9 22692 -58.0 -87.5  73  18.4   1
466990 2014081900 02   33.7 23252 -59.1 -87.9  82  21.8   1
466990 2014081900 04   31.5 23688 -54.7 -85.9  87  24.9   1
466990 2014081900 02   31.3 23719 -54.4 -85.4  87  24.9   1
466990 2014081900 10   30.0 23998 -54.7 -85.3  88  23.2   1
466990 2014081900 06   26.9 24699 -53.9 -84.9  97  22.8   1
466990 2014081900 02   26.5 24788 -54.1 -85.1  96  21.7   1
466990 2014081900 02   22.6 25827 -48.9 -82.0  93  21.3   1
466990 2014081900 10   20.0 26633 -48.2 -81.4  94  21.3   1
466990 2014081900 02   19.8 26710 -48.5 -81.7  92  20.8   1
466990 2014081900 04   19.2 26895 -46.7 -81.2  90  18.2   1
466990 2014081900 02   18.9 26992 -45.7 -80.5  87  18.8   1
466990 2014081900 06   16.7 27825 -46.5 -80.4  78  20.7   1
466990 2014081900 02   15.8 28204 -48.5 -81.8  83  20.2   1
466990 2014081900 06   13.7 29152 -45.2 -80.4  97  24.7   1
466990 2014081900 02   12.5 29727 -44.0 -79.6  86  26.6   1
466990 2014081900 06   12.0 30031 -45.4 -80.2  90  28.5   1
466990 2014081900 02   11.5 30321 -46.9 -80.1  94  25.5   1
466990 2014081900 06   11.1 30517 -46.5 -80.9  96  24.3   1
466990 2014081900 10   10.0 31239 -43.6 -79.3  84  26.1   1
466990 2014081900 06    9.4 31679 -40.0 -76.8  76  22.7   1
466990 2014081900 20    7.5 33179 -35.2 -73.6 112  23.1   1
